2.3029675483703613
2.2985785007476807
2.3043630123138428
2.301335573196411
2.2990057468414307
2.2996633052825928
2.2926440238952637
2.2894058227539062
2.282834053039551
2.2676243782043457
2.2569403648376465
2.2627482414245605
2.214038372039795
2.177973985671997
2.160395383834839
2.1358790397644043
2.040757656097412
2.0854623317718506
2.133297920227051
2.1272151470184326
2.0819547176361084
2.032443046569824
2.0976815223693848
2.066664457321167
2.0387074947357178
2.0290868282318115
2.1049463748931885
2.112206220626831
2.0869762897491455
2.062209367752075
2.0193073749542236
1.8982234001159668
1.9794280529022217
2.098839044570923
2.043278217315674
2.0614571571350098
2.0539040565490723
2.0151400566101074
1.9577281475067139
2.0097227096557617
2.0576486587524414
2.078979969024658
1.9730122089385986
2.0506410598754883
1.9406489133834839
2.007702350616455
2.041597843170166
1.9139951467514038
1.9494878053665161
1.9309884309768677
1.9658253192901611
1.919429898262024
2.0180416107177734
2.012316942214966
1.8754541873931885
2.0007710456848145
1.91144597530365
1.892261266708374
1.9796744585037231
1.9554164409637451
1.8851454257965088
1.886720061302185
1.960315227508545
1.9420768022537231
1.9100611209869385
1.9855730533599854
1.9333919286727905
1.94694185256958
1.8234012126922607
1.8813774585723877
1.910004734992981
1.861562967300415
2.0056238174438477
1.9966646432876587
1.8371561765670776
1.9159389734268188
1.8742403984069824
1.792030930519104
1.9073964357376099
1.7958499193191528
1.9639850854873657
1.8584187030792236
1.89669668674469
1.9010801315307617
1.8473994731903076
1.8521614074707031
1.9265800714492798
1.9790899753570557
1.7825719118118286
1.8071463108062744
1.7724140882492065
1.8601070642471313
1.8731986284255981
1.7555227279663086
1.8293508291244507
1.8082778453826904
1.7584227323532104
1.6776390075683594
1.7886216640472412
1.9302499294281006
1.818095088005066
1.6718592643737793
1.8742191791534424
1.7642772197723389
1.8242487907409668
1.836533784866333
1.7608665227890015
1.6909992694854736
1.817165732383728
1.69088876247406
1.6331584453582764
1.7986286878585815
1.7587329149246216
1.8565033674240112
1.7409992218017578
1.759237289428711
1.6943389177322388
1.799325704574585
1.6387455463409424
1.7421455383300781
1.7310985326766968
1.6836705207824707
1.6303610801696777
1.7878053188323975
1.6828962564468384
1.7290737628936768
1.5938986539840698
1.5256174802780151
1.637677788734436
1.6981050968170166
1.617623209953308
1.7754366397857666
1.7102084159851074
1.756962537765503
1.7738945484161377
1.7450361251831055
1.7852104902267456
1.8205574750900269
1.6829291582107544
1.499316692352295
1.7195864915847778
1.6734991073608398
1.5875368118286133
1.6332371234893799
1.7208116054534912
1.6173295974731445
1.579070806503296
1.5248653888702393
1.444148302078247
1.5555720329284668
1.576890230178833
1.7157975435256958
1.6052265167236328
1.788972020149231
1.6107009649276733
1.7242437601089478
1.5879597663879395
1.6289949417114258
1.5705646276474
1.5430207252502441
1.5781137943267822
1.4706354141235352
1.6100385189056396
1.6085623502731323
1.5676751136779785
1.5694736242294312
1.6674119234085083
1.6131564378738403
1.6538101434707642
1.7180516719818115
1.4100927114486694
1.5098462104797363
1.4991731643676758
1.6387628316879272
1.6212334632873535
1.5556695461273193
1.5829265117645264
1.5774434804916382
1.5112375020980835
1.6671831607818604
1.6326630115509033
1.54631507396698
1.5428080558776855
1.574000358581543
1.447953701019287
1.589457631111145
1.5399500131607056
1.3711154460906982
1.5469505786895752
1.4854750633239746
1.4518882036209106
1.5358169078826904
1.5887410640716553
1.5767459869384766
1.5824400186538696
1.2985283136367798
1.5735117197036743
1.543377161026001
1.3659467697143555
1.58207368850708
1.4066088199615479
1.3373273611068726
1.683457851409912
1.6153267621994019
1.5674175024032593
1.5218366384506226
1.532702088356018
1.5002349615097046
1.5426934957504272
1.3764477968215942
1.5703589916229248
1.431716799736023
1.6344505548477173
1.3458211421966553
1.4318572282791138
1.5539124011993408
1.6257084608078003
1.534142255783081
1.2762020826339722
1.4296826124191284
1.521759271621704
1.3892943859100342
1.5383301973342896
1.5323398113250732
1.5080928802490234
1.5301138162612915
1.3887608051300049
1.6001253128051758
1.4873422384262085
1.5124828815460205
1.453851342201233
1.503961443901062
1.4992538690567017
1.3453999757766724
1.4534589052200317
1.4682831764221191
1.49198317527771
1.4755226373672485
1.5390124320983887
1.5738017559051514
1.4214223623275757
1.626474142074585
1.5211539268493652
1.4441282749176025
1.3898825645446777
1.4651119709014893
1.4742681980133057
1.4755884408950806
1.4112670421600342
1.4379403591156006
1.3430670499801636
1.4853392839431763
1.4865937232971191
1.489396333694458
1.5673731565475464
1.4688234329223633
1.4127267599105835
1.426997423171997
1.4831582307815552
1.3090379238128662
1.3728065490722656
1.3486289978027344
1.3274803161621094
1.549748420715332
1.4737714529037476
1.4185329675674438
1.4616999626159668
1.3886120319366455
1.2855572700500488
1.4244288206100464
1.4273408651351929
1.3489446640014648
1.306649923324585
1.4511146545410156
1.4108926057815552
1.3260257244110107
1.3979355096817017
1.4015064239501953
1.3003180027008057
1.2748795747756958
1.384420394897461
1.4615309238433838
1.6767445802688599
1.5009844303131104
1.2828524112701416
1.3341801166534424
1.4274659156799316
1.3189992904663086
1.3757554292678833
1.239589810371399
1.3073838949203491
1.3291412591934204
1.4432291984558105
1.3854421377182007
1.3524404764175415
1.2841142416000366
1.3355003595352173
1.4802159070968628
1.3780893087387085
1.2540218830108643
1.2880666255950928
1.5043845176696777
1.4106042385101318
1.2965368032455444
1.3981611728668213
1.3359789848327637
1.563129186630249
1.329726219177246
1.3324774503707886
1.5218173265457153
1.597433090209961
1.2359139919281006
1.464876413345337
1.3051300048828125
1.3222912549972534
1.203604817390442
1.2043663263320923
1.3041130304336548
1.2951101064682007
1.556240439414978
1.281948208808899
1.2687833309173584
1.3582019805908203
1.2982549667358398
1.129494309425354
1.325988531112671
1.2684190273284912
1.2487305402755737
1.3410433530807495
1.2276538610458374
1.4180423021316528
1.3100879192352295
1.3991492986679077
1.3299579620361328
1.1410746574401855
1.324524164199829
1.2851382493972778
1.2644108533859253
1.2493600845336914
1.1309623718261719
1.2320466041564941
1.4609843492507935
1.1715701818466187
1.205604076385498
1.3492834568023682
1.4161288738250732
1.2526214122772217
1.2583894729614258
1.220407485961914
1.2731692790985107
1.3753787279129028
1.3468564748764038
1.348689317703247
1.1963268518447876
1.3844703435897827
1.3531687259674072
1.4038405418395996
1.355979561805725
1.4347134828567505
1.2130787372589111
1.3753725290298462
1.2476922273635864
1.2200483083724976
1.3418408632278442
1.3561034202575684
1.431588053703308
1.4193905591964722
1.289722204208374
1.252698302268982
1.2747371196746826
1.4718421697616577
1.2772979736328125
1.2243406772613525
1.371483325958252
1.237663745880127
1.4701063632965088
1.2162754535675049
1.4998215436935425
1.2173569202423096
1.3130871057510376
1.3208650350570679
1.1077159643173218
1.2729154825210571
1.2189949750900269
1.2595874071121216
1.3365288972854614
1.1740213632583618
1.4218367338180542
1.471751093864441
1.2024229764938354
1.3073331117630005
1.3682502508163452
1.1609336137771606
1.3132438659667969
1.1587814092636108
1.163461446762085
1.3959145545959473
1.2033456563949585
1.2196989059448242
1.3198550939559937
1.2273491621017456
1.325908899307251
1.204498291015625
1.2767143249511719
1.4154952764511108
1.3828619718551636
1.3466179370880127
1.2969013452529907
1.2003142833709717
1.3762660026550293
1.2996271848678589
1.2800489664077759
1.3566054105758667
1.1782313585281372
1.284279704093933
1.3521628379821777
1.2382529973983765
1.1617237329483032
1.3034390211105347
1.2948211431503296
1.225988745689392
1.1063060760498047
1.255669116973877
1.2019579410552979
1.3377074003219604
1.2337950468063354
1.2919061183929443
1.279515027999878
1.3305584192276
1.1123058795928955
1.2238349914550781
1.215206503868103
1.145279884338379
1.3085240125656128
1.2245477437973022
1.2439556121826172
1.2955663204193115
1.2754533290863037
1.294365644454956
1.3113809823989868
1.3194420337677002
1.2459906339645386
1.2535964250564575
1.0886965990066528
1.2848010063171387
1.30986487865448
1.2272440195083618
1.3560163974761963
1.3163264989852905
1.3631857633590698
1.1121549606323242
1.2874171733856201
1.1925549507141113
1.2694758176803589
1.1445621252059937
1.2605477571487427
1.3140977621078491
1.2363470792770386
1.4230552911758423
1.3822088241577148
1.3914986848831177
1.2035300731658936
1.243813395500183
1.1513675451278687
1.237713098526001
1.3034876585006714
1.21584951877594
1.3546321392059326
1.2232505083084106
1.3047982454299927
1.3307708501815796
1.2993450164794922
0.9761518836021423
1.3241249322891235
1.2527412176132202
1.1790213584899902
1.3515410423278809
1.2601771354675293
1.3269095420837402
1.3310695886611938
1.046120524406433
1.182840347290039
1.383455514907837
1.169441819190979
1.313782811164856
1.134561538696289
1.2048540115356445
1.232541561126709
1.0690068006515503
1.1275923252105713
1.3073115348815918
1.294517159461975
1.1242477893829346
1.4179043769836426
1.2903578281402588
1.1307563781738281
1.0664290189743042
1.1573270559310913
1.4061906337738037
1.1371934413909912
1.323967456817627
1.2885595560073853
1.2100193500518799
1.2702584266662598
1.1973408460617065
1.1301603317260742
1.0436590909957886
1.0935176610946655
1.2599366903305054
1.2091279029846191
1.2275292873382568
1.1009817123413086
1.2756843566894531
1.279126763343811
1.2092466354370117
1.1782660484313965
1.3231227397918701
1.2069056034088135
1.0842784643173218
1.1802222728729248
1.160930871963501
1.165954828262329
1.1492303609848022
1.2776708602905273
1.0833629369735718
1.1502169370651245
1.0638058185577393
1.217392086982727
1.2542226314544678
1.2117836475372314
1.2440268993377686
0.9714824557304382
1.3687070608139038
1.0028815269470215
1.2112027406692505
1.3920196294784546
1.054573893547058
1.1942543983459473
1.2815818786621094
1.139402151107788
1.12161123752594
1.1947197914123535
1.0894715785980225
1.2430880069732666
1.1948939561843872
1.2661808729171753
1.145937442779541
1.1567351818084717
1.2170809507369995
1.2175652980804443
1.1548411846160889
1.2739940881729126
1.0923556089401245
1.2210626602172852
1.161544680595398
1.1154199838638306
1.0040764808654785
1.1091938018798828
1.13657546043396
0.9706502556800842
1.1992771625518799
1.1153196096420288
1.0521692037582397
1.0412652492523193
1.0200135707855225
1.0919028520584106
1.0283523797988892
1.1789802312850952
1.1270744800567627
1.1411168575286865
1.123592495918274
1.0772043466567993
1.024735450744629
1.1482269763946533
1.059570550918579
1.1954604387283325
1.2121471166610718
1.1265588998794556
1.3161512613296509
1.188193440437317
1.1621508598327637
1.2078542709350586
1.2353085279464722
1.0966612100601196
1.1808204650878906
1.2941354513168335
0.9868721961975098
1.1205096244812012
1.392450213432312
1.1088124513626099
1.0697858333587646
1.2051993608474731
1.2934080362319946
1.340496301651001
1.0948493480682373
1.2560503482818604
1.001895785331726
1.0329092741012573
1.1322170495986938
1.088531255722046
1.1320347785949707
1.0651423931121826
1.173232913017273
1.1364219188690186
1.2020491361618042
1.0727490186691284
1.2962825298309326
0.9300440549850464
1.0693954229354858
1.1179801225662231
1.0366309881210327
0.9730492234230042
1.078160047531128
1.0594661235809326
1.0702450275421143
1.061679720878601
1.064308524131775
1.1219650506973267
0.9239695072174072
1.0636866092681885
1.0857077836990356
1.168825387954712
1.0736701488494873
1.101672887802124
1.1669179201126099
1.2484071254730225
1.3298419713974
0.975914478302002
1.1656781435012817
1.0867443084716797
1.3488445281982422
1.103944182395935
0.977462649345398
0.935201108455658
1.1476376056671143
1.0857446193695068
1.1591910123825073
1.022971749305725
1.0944713354110718
1.2285021543502808
0.9781060814857483
1.2370935678482056
1.0661303997039795
1.138940453529358
0.9443466067314148
1.1380311250686646
1.105233073234558
1.0111913681030273
1.1907238960266113
1.0944451093673706
1.2024071216583252
1.169990062713623
1.0503793954849243
1.1595814228057861
1.085654854774475
1.0943315029144287
1.0274838209152222
1.229810357093811
1.059938907623291
1.0646476745605469
1.1725796461105347
1.0263267755508423
1.1098264455795288
0.9431642293930054
1.1892435550689697
0.9651460647583008
1.0369704961776733
0.9773143529891968
0.9862916469573975
1.1562148332595825
1.1016801595687866
1.0223655700683594
1.0457940101623535
0.9832338690757751
1.1193115711212158
1.1673108339309692
0.9939309358596802
1.2342156171798706
1.0311070680618286
1.2089357376098633
1.233949899673462
1.0268679857254028
1.1518937349319458
1.2749896049499512
1.015757441520691
1.0717737674713135
1.085032343864441
1.2246488332748413
1.0699212551116943
0.9317917227745056
1.1301493644714355
0.9292690753936768
1.1578497886657715
1.107911229133606
1.0091640949249268
1.1344057321548462
1.0942656993865967
0.9134456515312195
1.0221960544586182
1.1689538955688477
0.9109237194061279
1.0267168283462524
1.1978813409805298
0.9906838536262512
0.8305615782737732
1.0687520503997803
1.149543046951294
1.0674262046813965
1.2157052755355835
1.052250862121582
1.2458771467208862
1.0094196796417236
1.1081271171569824
1.0198135375976562
1.0949726104736328
1.101404070854187
1.1643612384796143
1.157706618309021
1.223166584968567
0.9648838639259338
1.0425291061401367
1.1405136585235596
1.1449216604232788
1.0552369356155396
1.1367830038070679
1.1004053354263306
1.0309677124023438
1.0100324153900146
1.1443421840667725
1.0587655305862427
1.1783887147903442
1.02162504196167
0.9418337941169739
1.06243097782135
1.079540729522705
0.9002147316932678
0.987658679485321
1.1041134595870972
1.0232272148132324
1.023285984992981
1.1094204187393188
0.9593724608421326
1.0637511014938354
1.0088049173355103
0.8908535838127136
1.1862504482269287
1.2454900741577148
1.2081553936004639
1.3271387815475464
0.9897738099098206
1.0707178115844727
1.0062870979309082
0.9665080308914185
1.2095140218734741
0.9225203394889832
1.0957456827163696
1.1759904623031616
1.0792168378829956
1.0323212146759033
1.1220307350158691
0.9688805937767029
0.9930915236473083
0.953247606754303
1.03287935256958
1.0006471872329712
1.1022285223007202
0.9057683944702148
0.9011234641075134
0.89699786901474
1.0267213582992554
1.0994151830673218
1.0757209062576294
1.0825265645980835
1.1777849197387695
1.157629370689392
1.0888599157333374
1.1302214860916138
0.9803522825241089
1.0293684005737305
0.8924792408943176
1.0746158361434937
1.0828957557678223
0.9708033204078674
1.0017287731170654
1.1382170915603638
1.0196685791015625
1.1947152614593506
0.8567477464675903
0.9789355993270874
1.0496658086776733
0.9928618669509888
0.913696825504303
0.9480112195014954
0.9162077903747559
1.0937213897705078
0.9050716757774353
1.0601317882537842
1.1019753217697144
1.0804028511047363
0.8656651377677917
1.0933785438537598
1.2166668176651
1.068406105041504
1.0446922779083252
1.0904852151870728
1.0678609609603882
1.071876883506775
1.0878698825836182
0.996783435344696
1.1399555206298828
1.0822185277938843
1.0196614265441895
0.9787930250167847
1.112202763557434
0.9295231699943542
0.9864799976348877
0.8683328032493591
1.1492304801940918
0.9146711230278015
0.9304611682891846
0.9475548267364502
1.0347862243652344
0.9313077330589294
0.897017776966095
0.9111663103103638
0.9773752093315125
1.0304023027420044
1.0529268980026245
1.0331501960754395
1.099471926689148
1.0876026153564453
1.1438530683517456
0.9080149531364441
0.8973829746246338
0.8909480571746826
0.9735866785049438
1.0187554359436035
0.8553728461265564
1.0743298530578613
0.9970215559005737
0.9717941880226135
1.0401540994644165
1.0035678148269653
1.039750099182129
0.9180550575256348
1.1320863962173462
1.046204924583435
0.9956841468811035
1.0446759462356567
0.9151169657707214
0.8605250120162964
1.1282267570495605
0.997708797454834
1.0189449787139893
1.0240073204040527
1.012782096862793
0.9750756025314331
1.1130019426345825
1.019296646118164
0.9932209849357605
0.9042229652404785
0.889034628868103
0.952819287776947
1.0857173204421997
0.9955002665519714
0.9700618386268616
0.9619437456130981
1.0409895181655884
0.9899522066116333
0.9341792464256287
1.0439698696136475
0.9797910451889038
0.9937317967414856
0.9938908219337463
0.9542267322540283
0.9154278635978699
0.8399021625518799
0.7889759540557861
1.2096532583236694
0.9813570380210876
0.9121997952461243
1.0000059604644775
1.0110632181167603
0.899908721446991
0.9861627221107483
1.0294462442398071
0.9230464100837708
0.919782280921936
0.8596199154853821
1.0870217084884644
0.9866907596588135
0.8518337607383728
1.1804620027542114
0.8749736547470093
0.9808565974235535
1.000540018081665
0.9042863845825195
0.8118586540222168
0.8660570383071899
0.8874884843826294
0.9670252799987793
0.8405495285987854
0.7698902487754822
0.927569568157196
0.8715391159057617
0.9513261914253235
0.996615469455719
1.0293246507644653
0.975598931312561
1.0096384286880493
0.9485313892364502
1.048951506614685
0.9442294836044312
0.7768426537513733
0.9423364400863647
0.887148916721344
1.0053337812423706
1.014882206916809
0.9201458692550659
1.099197506904602
0.851540207862854
0.8354682326316833
0.9653770923614502
0.8672347664833069
0.8634997010231018
0.9276895523071289
0.9309316873550415
0.9576942324638367
0.9609233736991882
0.9143345952033997
1.119301676750183
0.9492465853691101
0.8020038604736328
1.0599762201309204
1.1143298149108887
1.0119956731796265
0.9462839961051941
1.1278105974197388
0.9960753321647644
1.1150120496749878
0.7702698111534119
0.8774834275245667
0.9384510517120361
1.0358898639678955
0.9407377243041992
0.8470329642295837
0.9200511574745178
0.9376233816146851
1.1338945627212524
0.8629202246665955
0.8983252644538879
1.011160135269165
0.7954986095428467
0.934022068977356
1.0296818017959595
0.9108549356460571
0.8868584632873535
1.0928595066070557
0.717981219291687
0.8943231105804443
0.866759717464447
0.7961980700492859
0.806404709815979
0.9803751111030579
0.9509764909744263
0.8758202791213989
0.9375748634338379
0.902016282081604
0.9740276336669922
0.8252049684524536
0.9422038793563843
0.9604978561401367
0.9443521499633789
0.8047360181808472
0.9877152442932129
1.0351970195770264
0.8618282675743103
0.7683650851249695
0.8658639788627625
0.916614294052124
0.8931016325950623
1.1025619506835938
0.9584928750991821
0.9688857793807983
0.9795669913291931
1.019667148590088
0.956635594367981
0.8120177388191223
1.012467384338379
0.9848041534423828
0.8880470991134644
0.951568603515625
0.8842951059341431
0.8462418913841248
0.9159770011901855
0.9151662588119507
0.8488290905952454
0.9085115790367126
1.0190244913101196
1.0324195623397827
0.7646856307983398
0.90605628490448
0.8443339467048645
0.8542296886444092
0.941976010799408
0.9251424074172974
0.9815302491188049
0.9286623597145081
0.9090892672538757
0.9155763983726501
0.9345649480819702
0.9738386273384094
0.9272434711456299
1.059971570968628
0.8949466943740845
0.7917508482933044
0.9858890175819397
0.845981240272522
1.017768383026123
1.0927647352218628
1.0228266716003418
0.8156633377075195
0.9151246547698975
0.9241161942481995
0.7212361097335815
0.9145686030387878
0.9356966018676758
1.1366337537765503
0.9053467512130737
0.9035611152648926
0.966610312461853
1.013797640800476
0.8652637004852295
0.8920611143112183
0.9817752838134766
0.8885189294815063
1.0143028497695923
0.8898230791091919
0.7661668062210083
0.8551257252693176
0.9600829482078552
0.8280061483383179
0.9298400282859802
0.9291197061538696
0.7926766872406006
0.9181966185569763
0.9283757209777832
0.8950538039207458
0.8255178928375244
0.7541147470474243
0.7457266449928284
0.9085667729377747
0.6894212365150452
0.8676281571388245
0.9557979702949524
0.8983370065689087
0.9555134773254395
0.8030165433883667
0.8686590194702148
0.9479845762252808
0.9940387606620789
0.8019214868545532
0.8167122602462769
0.9301891922950745
0.8678731918334961
0.9567545056343079
0.8316496014595032
0.7178770303726196
0.9083973169326782
0.7831493020057678
0.8525851368904114
0.9951925277709961
0.9794515371322632
0.944928765296936
1.0450958013534546
0.9173446893692017
1.0692185163497925
0.8421778082847595
0.8132615089416504
1.0041598081588745
0.8052636384963989
0.9055777192115784
0.9652796983718872
0.9804402589797974
0.7762064933776855
0.9681558609008789
0.8972529768943787
0.9982349872589111
0.8138059377670288
0.9800921082496643
0.7773581147193909
0.8030905723571777
1.020052433013916
0.7467654943466187
0.7455240488052368
1.017439603805542
1.074230432510376
1.0024142265319824
0.6763024926185608
0.9528682231903076
0.7473001480102539
0.7380347847938538
0.7940562963485718
0.9246437549591064
0.9598907232284546
0.8266362547874451
0.751582145690918
0.863192617893219
0.9609228372573853
0.6801099181175232
0.9258934855461121
0.7712186574935913
0.7837907671928406
0.841625988483429
0.8153775334358215
0.9446889162063599
0.7893725633621216
0.8807923197746277
0.7562803626060486
0.8774073123931885
0.7268495559692383
0.8930865526199341
0.9706869125366211
0.993195116519928
0.824187695980072
0.6874099373817444
0.8259665966033936
0.9601325988769531
0.7762553691864014
0.8606147766113281
0.7575953006744385
1.0520070791244507
0.9490985870361328
0.760068416595459
0.905639111995697
0.8923242688179016
0.8637043237686157
0.6716143488883972
0.8815696239471436
0.8185970783233643
0.697712779045105
0.8289853930473328
0.8568688035011292
0.8692017793655396
0.8082908391952515
0.905548095703125
0.7646451592445374
0.8895143866539001
0.7803657650947571
0.8458538055419922
0.7475818991661072
0.7483068108558655
0.6846897006034851
0.7876984477043152
0.7884272336959839
0.8940375447273254
0.8777012228965759
0.8506278395652771
0.7324565052986145
0.7272455096244812
0.9544225335121155
0.7813389301300049
0.8456159234046936
0.9326737523078918
0.8177133202552795
0.9080810546875
0.8664196729660034
0.869747519493103
0.8955003023147583
0.8294945955276489
0.7192975282669067
0.702244758605957
1.0289169549942017
0.810555636882782
0.8179303407669067
0.7478668689727783
0.8670509457588196
0.7378717064857483
0.857611358165741
0.7937910556793213
0.9776607155799866
0.8947421312332153
0.7850671410560608
0.8533226251602173
0.9055800437927246
0.7212066054344177
0.9118213653564453
0.7240354418754578
0.77094566822052
0.8810003995895386
0.7967822551727295
0.7161303162574768
0.7028095126152039
0.7729328870773315
0.8118597865104675
0.728680431842804
0.8382375836372375
0.7911418676376343
0.738399088382721
0.8343705534934998
0.7744880318641663
0.7649794816970825
0.9740227460861206
0.9618903398513794
0.8148837089538574
0.9224593639373779
0.8236600756645203
0.7894841432571411
0.7907226085662842
0.8393043875694275
0.8883349895477295
0.9426180720329285
0.7056852579116821
0.8839746713638306
0.8762689232826233
0.7118204236030579
0.7434334754943848
0.7131852507591248
0.790427029132843
0.9183026552200317
0.8908995389938354
0.6781482696533203
0.8217689394950867
0.7761699557304382
0.912745475769043
0.7316423058509827
0.8176777362823486
0.939689576625824
0.8232640027999878
0.856858491897583
0.879645586013794
0.8607259392738342
0.8512814044952393
0.7247210144996643
0.9679224491119385
0.8375630378723145
0.9216994047164917
0.8090566992759705
0.7383902072906494
0.7265969514846802
0.8944193720817566
0.9237242937088013
0.80437171459198
0.7181127071380615
0.8297053575515747
0.6904934048652649
0.7989988923072815
0.8585964441299438
0.8172464370727539
0.8893387913703918
0.7968222498893738
0.7144745588302612
0.7875669002532959
0.9097931385040283
0.8124934434890747
0.7444919347763062
0.6407105326652527
0.6278734803199768
0.8420285582542419
0.8450453877449036
0.7126584649085999
0.8316687941551208
0.8428415656089783
0.8455436825752258
0.8443630337715149
0.7290362119674683
0.8483539819717407
0.7598509788513184
0.7432587146759033
0.9254383444786072
0.8022225499153137
0.7514926195144653
0.7268069982528687
0.7539278864860535
0.7915488481521606
0.8633721470832825
0.7038585543632507
0.8166205883026123
0.7992277145385742
0.7265617251396179
0.9240550398826599
0.6216709017753601
0.7235699892044067
0.6150275468826294
0.7503502368927002
0.8027574419975281
0.8720040917396545
0.8925987482070923
0.7314589023590088
0.7867936491966248
0.5752741694450378
0.7072693109512329
0.70947265625
0.8411869406700134
0.8762457370758057
0.7296504974365234
0.7607733011245728
0.6982496976852417
0.7669385671615601
0.8211477398872375
0.7034487128257751
0.8484451174736023
0.7683811783790588
0.827045202255249
0.6045564413070679
0.7467211484909058
0.6556286215782166
0.801571249961853
0.6937499642372131
0.8727156519889832
0.6676319241523743
0.7525730133056641
0.7826175093650818
0.7858622670173645
0.7445868253707886
0.7499876618385315
0.704535186290741
0.7129173874855042
0.6574922800064087
0.7934675216674805
0.7584137320518494
0.6821727752685547
0.8304593563079834
0.746920108795166
0.6522312760353088
0.8094199895858765
0.7057105302810669
0.8884266018867493
0.7926756143569946
0.7841227054595947
0.9490907788276672
0.7793413996696472
0.8158438205718994
0.7656068801879883
0.7545425295829773
0.6803104877471924
0.7755776643753052
0.8854671120643616
0.7711913585662842
0.7839861512184143
0.831718921661377
0.873142659664154
0.6824973821640015
0.9444419145584106
0.7451462745666504
0.8207278847694397
0.7221049070358276
0.7771214246749878
0.8434152007102966
0.6219406723976135
0.7127916216850281
0.8132710456848145
0.7418085932731628
1.015381932258606
0.6481955051422119
0.7644965648651123
0.576819658279419
0.4886288046836853
0.8747726678848267
0.6935523152351379
0.6720465421676636
0.7004338502883911
0.8930389881134033
0.655880868434906
0.921751081943512
0.6638538837432861
0.7823916673660278
0.9407498240470886
0.6399433612823486
0.6876912713050842
0.8271450996398926
0.8007156848907471
0.8473371267318726
0.7389199137687683
0.6775173544883728
0.7913100123405457
0.7658136487007141
0.6681492328643799
0.7356314659118652
0.6436126828193665
0.6807265877723694
0.630577027797699
0.7760852575302124
0.8830814957618713
0.7270808815956116
0.8040847182273865
0.772598385810852
0.6557285189628601
0.7696899771690369
0.7152654528617859
0.7073880434036255
0.7872265577316284
0.670735239982605
0.7972185015678406
0.6122361421585083
0.7392911911010742
0.8629894852638245
0.7579936981201172
0.7716967463493347
0.8670015931129456
0.7067886590957642
0.7231413722038269
0.7695699334144592
0.4930456280708313
0.8522158861160278
0.6806586384773254
0.7417628169059753
0.5427549481391907
0.6301219463348389
0.7494359016418457
0.8363744020462036
0.625660240650177
0.7118566632270813
0.7168248295783997
0.7480335831642151
0.8343271613121033
0.5307501554489136
0.664706289768219
0.7076870203018188
0.7100324034690857
0.5414229035377502
0.8490351438522339
0.6419287323951721
0.7360253930091858
0.6665823459625244
0.7287783026695251
0.818299412727356
0.6979445815086365
0.6740782260894775
0.7155805230140686
0.659247875213623
0.7198209166526794
0.5921123623847961
0.6923462152481079
0.7543471455574036
0.5416765213012695
0.8476381897926331
0.5451539158821106
0.5446299314498901
0.7784594297409058
0.5873779058456421
0.6477537751197815
0.8710554838180542
0.7095481157302856
0.7265285849571228
0.6975671052932739
0.5521306991577148
0.5732524394989014
0.6944497227668762
0.7006886005401611
0.7053426504135132
0.7799226641654968
0.6818869113922119
0.677096962928772
0.6729453206062317
0.7032341957092285
0.7962208390235901
0.7416461706161499
0.7974998354911804
0.6199748516082764
0.8090733885765076
0.7255717515945435
0.6801057457923889
0.6135852336883545
0.5481001138687134
0.7436338663101196
0.80007404088974
0.7215999364852905
0.6395612359046936
0.7106733322143555
0.7966309189796448
0.7209472060203552
0.5509701371192932
0.536270797252655
0.590686559677124
0.6507071852684021
0.7774393558502197
0.7102845907211304
0.71145099401474
0.7963739633560181
0.67374187707901
0.6590725183486938
0.7357819676399231
0.7294266819953918
0.851912260055542
0.6681041717529297
0.63836669921875
0.7455185055732727
0.7424452900886536
0.6010291576385498
0.8547389507293701
0.635097086429596
0.6444248557090759
0.586032509803772
0.7179623246192932
0.6635449528694153
0.7462610602378845
0.5997715592384338
0.6319135427474976
0.6993893384933472
0.7710922360420227
0.7866123914718628
0.6224694848060608
0.6690781712532043
0.7740787863731384
0.7380599975585938
0.6786818504333496
0.7037164568901062
0.6984528303146362
0.6483713984489441
0.6555042266845703
0.6819076538085938
0.6954842209815979
0.6586538553237915
0.6080919504165649
0.7524405121803284
0.6340362429618835
0.5624663233757019
0.6354286074638367
0.6922636032104492
0.7023390531539917
0.6358762979507446
0.6258501410484314
0.545920193195343
0.7553332448005676
0.6358566284179688
0.5194582343101501
0.6080484390258789
0.6189481019973755
0.7298412919044495
0.6741917729377747
0.6333143711090088
0.6215485334396362
0.6907173991203308
0.5824936628341675
0.5891069173812866
0.4687073826789856
0.7043945789337158
0.6750108003616333
0.6368222236633301
0.6060914993286133
0.6551451683044434
0.6334061026573181
0.7288100123405457
0.6164981722831726
0.7144210338592529
0.5923904180526733
0.7027434706687927
0.7773354649543762
0.6877179145812988
0.5416012406349182
0.7335400581359863
0.6720401048660278
0.7184287309646606
0.7340378761291504
0.6707249879837036
0.647921085357666
0.5932955145835876
0.8296158313751221
0.6525174975395203
0.565790057182312
0.6726593375205994
0.6149815320968628
0.6288993954658508
0.6974698305130005
0.5859532952308655
0.6043698787689209
0.7463911175727844
0.6336493492126465
0.5251126885414124
0.5374458432197571
0.6246575713157654
0.5899184942245483
0.7416781187057495
0.5822843313217163
0.573046088218689
0.5076919198036194
0.7366560697555542
0.5262234210968018
0.6616074442863464
0.5653441548347473
0.7170507311820984
0.6782062649726868
0.724797785282135
0.8168200254440308
0.7169025540351868
0.5489407777786255
0.6489401459693909
0.7925989031791687
0.570932149887085
0.7252044081687927
0.7005636692047119
