2.3040475845336914
2.2010486125946045
2.196084976196289
2.135805130004883
2.188706874847412
2.173414707183838
2.0878705978393555
2.143752336502075
2.0899178981781006
2.0986366271972656
1.9959115982055664
2.1569888591766357
2.064976453781128
2.194389581680298
2.0294137001037598
2.1852867603302
2.0213818550109863
2.0816447734832764
2.0289788246154785
1.9917445182800293
1.9657725095748901
2.121652364730835
2.0147082805633545
2.135134220123291
2.0466971397399902
2.058215618133545
2.071079730987549
2.065211772918701
2.1302220821380615
2.0475168228149414
2.0559146404266357
2.159912347793579
2.11067271232605
2.0397214889526367
2.0899815559387207
2.035843849182129
2.0283942222595215
2.0188543796539307
1.9719816446304321
2.026688814163208
1.9827706813812256
2.0032505989074707
2.0643863677978516
2.099210500717163
2.0154707431793213
2.0743696689605713
1.9871084690093994
1.989205002784729
1.9791384935379028
2.099674940109253
2.007563352584839
1.9125208854675293
1.9568442106246948
2.0097172260284424
1.9490026235580444
2.0381715297698975
2.018984317779541
1.971402645111084
1.9155807495117188
2.018604278564453
2.0563855171203613
2.059622049331665
2.0494439601898193
1.9441375732421875
2.0189805030822754
1.898740530014038
1.9866666793823242
1.8445779085159302
2.0196337699890137
1.9917399883270264
1.9539623260498047
1.9495264291763306
1.882665991783142
2.0534989833831787
2.0089423656463623
1.9901043176651
1.9947582483291626
1.8977954387664795
2.031156301498413
2.072270393371582
1.9850025177001953
2.0174739360809326
1.8351057767868042
1.945625901222229
2.0373315811157227
1.9134125709533691
1.9769656658172607
1.9847831726074219
2.0845139026641846
1.912642002105713
1.8807110786437988
1.9391844272613525
2.0734193325042725
1.9077954292297363
1.9198020696640015
2.0198750495910645
1.9459068775177002
2.0718600749969482
1.870706558227539
2.0643277168273926
1.9974515438079834
1.9389508962631226
1.9793155193328857
1.999253273010254
1.886669635772705
1.9524765014648438
1.912471890449524
1.9957563877105713
2.0362040996551514
1.9185214042663574
2.004791498184204
1.960139274597168
1.9657549858093262
1.9130462408065796
1.9774941205978394
2.020963430404663
2.0339415073394775
2.057670831680298
1.857405185699463
2.0080010890960693
1.9177157878875732
1.9426071643829346
1.8809452056884766
1.8976408243179321
1.969010829925537
2.000504970550537
1.9987670183181763
1.9363462924957275
1.884447455406189
1.900743842124939
1.8635705709457397
1.934151530265808
1.9541232585906982
1.8913521766662598
1.8820353746414185
1.920274019241333
1.8392373323440552
2.002418279647827
1.8364261388778687
1.8973664045333862
1.8882712125778198
2.0099265575408936
1.9686728715896606
1.8983088731765747
1.8879834413528442
2.040621757507324
2.0654118061065674
2.032170057296753
1.890967607498169
1.8603956699371338
2.0041608810424805
1.9724591970443726
1.834983229637146
1.833857774734497
1.8893022537231445
1.8152351379394531
1.9528414011001587
1.8630365133285522
1.9689078330993652
1.87090265750885
1.791797399520874
1.8204699754714966
1.9575573205947876
1.9023104906082153
1.8874878883361816
1.9421136379241943
1.9725357294082642
1.8659107685089111
1.8970872163772583
1.8993808031082153
1.8581573963165283
1.9007008075714111
1.9888204336166382
1.860703945159912
1.9004194736480713
1.9593549966812134
1.949487566947937
1.8098945617675781
1.8393861055374146
1.8978796005249023
1.849983811378479
1.921125888824463
2.0375728607177734
1.9749419689178467
1.959118127822876
1.780271053314209
1.9407241344451904
1.9784661531448364
1.8609262704849243
1.8849841356277466
1.8868350982666016
1.904285192489624
1.994737982749939
1.9257938861846924
1.8311020135879517
1.8408854007720947
2.086369276046753
1.8882077932357788
1.8089745044708252
1.9618909358978271
1.8508663177490234
1.8060269355773926
1.9423205852508545
2.017587661743164
1.7709240913391113
1.9398125410079956
1.8211102485656738
1.8701685667037964
1.9056345224380493
1.8316727876663208
1.838680386543274
1.8766777515411377
1.7993528842926025
1.8489056825637817
1.8896070718765259
1.8302698135375977
1.806444525718689
1.7594953775405884
1.8729840517044067
1.8511297702789307
1.6648391485214233
1.9661062955856323
1.8882060050964355
1.9125672578811646
1.9109967947006226
1.8792887926101685
1.8856148719787598
1.8243919610977173
1.90585458278656
1.9237732887268066
1.7772250175476074
1.8977348804473877
1.865201473236084
1.9967591762542725
1.8120518922805786
1.7795788049697876
1.85103440284729
1.8010191917419434
1.892757773399353
1.8653981685638428
1.881102442741394
1.7705880403518677
1.9191920757293701
1.793670415878296
1.946997046470642
1.8441696166992188
1.877304196357727
1.8705799579620361
1.8500962257385254
1.6945397853851318
1.7579689025878906
1.8128858804702759
1.7210813760757446
1.7210713624954224
1.9263901710510254
1.8609102964401245
1.7001900672912598
1.9167289733886719
1.9376599788665771
1.6253819465637207
1.741781234741211
1.874873399734497
1.8732819557189941
1.753989577293396
1.8467618227005005
1.7632681131362915
1.8227882385253906
1.7043334245681763
1.7497196197509766
1.765434741973877
1.8829724788665771
1.8104244470596313
1.7538520097732544
1.7612488269805908
2.046332359313965
1.8989044427871704
1.7588238716125488
1.7065503597259521
1.8869853019714355
1.7392606735229492
1.8847157955169678
1.881129503250122
1.7810437679290771
1.8086923360824585
1.837928056716919
1.952073097229004
1.722246527671814
1.6720572710037231
1.7039685249328613
1.7293381690979004
1.7961212396621704
1.8330559730529785
1.720668077468872
1.8123939037322998
1.6967782974243164
1.8535399436950684
1.7891554832458496
1.86248779296875
1.885362982749939
1.6717604398727417
1.6885781288146973
1.8324952125549316
1.8274179697036743
1.7547508478164673
1.6740511655807495
1.862134337425232
1.8482856750488281
1.7581491470336914
1.774782657623291
1.7924633026123047
1.7148962020874023
1.8044140338897705
1.711173415184021
1.7739953994750977
1.902782917022705
1.679103136062622
1.7021872997283936
1.7094900608062744
1.7015353441238403
1.74730384349823
1.8239065408706665
1.6852214336395264
1.789003849029541
1.7417758703231812
1.7821332216262817
1.7044323682785034
1.612259864807129
1.6181427240371704
1.73892343044281
1.7106692790985107
1.7356112003326416
1.911294937133789
1.6221330165863037
1.7330553531646729
1.8678579330444336
1.7788959741592407
1.7432096004486084
1.6917312145233154
1.675836443901062
1.8194588422775269
1.6358928680419922
1.802907943725586
1.6418099403381348
1.70557701587677
1.6954383850097656
1.692718744277954
1.7529711723327637
1.8016849756240845
1.7782275676727295
1.7108622789382935
1.8558216094970703
1.7549045085906982
1.772011399269104
1.7630553245544434
1.7251503467559814
1.6929409503936768
1.8781044483184814
1.7823389768600464
1.6004277467727661
1.7941222190856934
1.6631877422332764
1.6652470827102661
1.6593066453933716
1.7628825902938843
1.731630563735962
1.6785634756088257
1.8067927360534668
1.7624424695968628
1.7466356754302979
1.6067472696304321
1.6718709468841553
1.7631869316101074
1.7015057802200317
1.7627485990524292
1.9037545919418335
1.7213345766067505
1.6699753999710083
1.72059965133667
1.6769970655441284
1.7412221431732178
1.75362229347229
1.7621582746505737
1.6994916200637817
1.5947024822235107
1.7434736490249634
1.6977607011795044
1.718289852142334
1.7023524045944214
1.6588821411132812
1.8086849451065063
1.896078109741211
1.591171383857727
1.712504506111145
1.6725084781646729
1.5533583164215088
1.723691463470459
1.6856284141540527
1.6778695583343506
1.6981867551803589
1.6564421653747559
1.5899063348770142
1.6810698509216309
1.6354243755340576
1.712361454963684
1.776940107345581
1.6453826427459717
1.694573998451233
1.5657066106796265
1.554125428199768
1.7725430727005005
1.60476815700531
1.6166666746139526
1.6556025743484497
1.6814676523208618
1.564142107963562
1.625896692276001
1.572624683380127
1.5451868772506714
1.6591145992279053
1.7060199975967407
1.6600815057754517
1.5727602243423462
1.7163429260253906
1.6955034732818604
1.659761667251587
1.6212280988693237
1.589518666267395
1.6997944116592407
1.6724315881729126
1.6868330240249634
1.6960068941116333
1.7219289541244507
1.470900058746338
1.5635498762130737
1.6179865598678589
1.442827820777893
1.5514938831329346
1.6779718399047852
1.619760513305664
1.6134893894195557
1.551225185394287
1.766920804977417
1.6228824853897095
1.692123532295227
1.6088424921035767
1.6402286291122437
1.6893270015716553
1.6228535175323486
1.6227993965148926
1.5779271125793457
1.6039142608642578
1.8081622123718262
1.7961074113845825
1.5708565711975098
1.7690703868865967
1.5689634084701538
1.595608115196228
1.711759090423584
1.580410122871399
1.640020728111267
1.7343666553497314
1.6466472148895264
1.5520106554031372
1.6659480333328247
1.6702256202697754
1.5537104606628418
1.5451072454452515
1.707015037536621
1.5178736448287964
1.5589088201522827
1.5486679077148438
1.716254711151123
1.7447266578674316
1.5498071908950806
1.6336665153503418
1.74845552444458
1.5945191383361816
1.5541298389434814
1.5892025232315063
1.6652098894119263
1.6178416013717651
1.6207767724990845
1.5471904277801514
1.5528316497802734
1.5892375707626343
1.6266107559204102
1.574427604675293
1.5011967420578003
1.6405268907546997
1.6467275619506836
1.6777359247207642
1.524670124053955
1.6046998500823975
1.5712018013000488
1.5632628202438354
1.580531120300293
1.612531065940857
1.533646821975708
1.6062555313110352
1.5226459503173828
1.80055832862854
1.7271264791488647
1.5453821420669556
1.684799313545227
1.6147408485412598
1.5101581811904907
1.6158802509307861
1.5883492231369019
1.5681380033493042
1.5525330305099487
1.4867137670516968
1.5758334398269653
1.5909191370010376
1.5658594369888306
1.5841070413589478
1.5689589977264404
1.6214555501937866
1.5071184635162354
1.548746109008789
1.7080107927322388
1.3969765901565552
1.6327414512634277
1.5696642398834229
1.691735863685608
1.542397379875183
1.529672384262085
1.7012007236480713
1.6983516216278076
1.6245441436767578
1.641388177871704
1.5405597686767578
1.588504433631897
1.7573508024215698
1.526773452758789
1.6255218982696533
1.6010921001434326
1.6203352212905884
1.4210190773010254
1.556793212890625
1.5058538913726807
1.5007579326629639
1.7625176906585693
1.7418651580810547
1.5652331113815308
1.4738731384277344
1.558819055557251
1.6342339515686035
1.5038740634918213
1.531558871269226
1.5359965562820435
1.4954499006271362
1.6027990579605103
1.5547724962234497
1.5057556629180908
1.6089545488357544
1.574499249458313
1.7404487133026123
1.630167841911316
1.5228800773620605
1.5396324396133423
1.622616171836853
1.6474107503890991
1.7504794597625732
1.6713662147521973
1.7580410242080688
1.6393400430679321
1.6439274549484253
1.5476683378219604
1.6066651344299316
1.5481164455413818
1.5898102521896362
1.5140433311462402
1.5472592115402222
1.4955655336380005
1.499096155166626
1.455319881439209
1.5870754718780518
1.6180706024169922
1.629564881324768
1.6554853916168213
1.4496365785598755
1.7480323314666748
1.620925784111023
1.5950831174850464
1.7292943000793457
1.6375348567962646
1.5615290403366089
1.4393000602722168
1.5774391889572144
1.5840858221054077
1.7422393560409546
1.6209121942520142
1.5853101015090942
1.4350298643112183
1.5340341329574585
1.5361765623092651
1.830362319946289
1.5796246528625488
1.557569980621338
1.481166124343872
1.5534788370132446
1.5451868772506714
1.3974391222000122
1.5693281888961792
1.5941518545150757
1.5473296642303467
1.8425846099853516
1.659711241722107
1.492738962173462
1.5861276388168335
1.6074732542037964
1.602105975151062
1.5516971349716187
1.592517375946045
1.5318357944488525
1.5104637145996094
1.654187560081482
1.5912419557571411
1.4078603982925415
1.5496920347213745
1.5397533178329468
1.5065970420837402
1.443712592124939
1.6182968616485596
1.6534843444824219
1.5255168676376343
1.5934233665466309
1.59816575050354
1.4970245361328125
1.3826720714569092
1.5700217485427856
1.6283478736877441
1.4951227903366089
1.5383936166763306
1.3637272119522095
1.5166897773742676
1.4894959926605225
1.606184482574463
1.525543212890625
1.7023218870162964
1.394567847251892
1.521498441696167
1.5520706176757812
1.4562090635299683
1.5436458587646484
1.4791897535324097
1.5738255977630615
1.5481374263763428
1.466012716293335
1.5140427350997925
1.5454999208450317
1.371154546737671
1.6404167413711548
1.3289529085159302
1.430354356765747
1.6512101888656616
1.5521965026855469
1.4793908596038818
1.6405894756317139
1.3787755966186523
1.5666381120681763
1.5240014791488647
1.4532318115234375
1.4911723136901855
1.417744517326355
1.4950687885284424
1.5300759077072144
1.3475931882858276
1.4116700887680054
1.4427639245986938
1.4536584615707397
1.54145085811615
1.4600684642791748
1.41205894947052
1.6047930717468262
1.4868171215057373
1.6275434494018555
1.4729866981506348
1.703965187072754
1.6848398447036743
1.4041709899902344
1.440748929977417
1.4878942966461182
1.5645954608917236
1.4564754962921143
1.3028786182403564
1.541846513748169
1.485107421875
1.521040916442871
1.5617927312850952
1.460628628730774
1.3435455560684204
1.231338381767273
1.6372720003128052
1.4265038967132568
1.5368173122406006
1.4149174690246582
1.5214552879333496
1.4798887968063354
1.4453647136688232
1.5571223497390747
1.7245484590530396
1.5023314952850342
1.460485816001892
1.4218398332595825
1.5594593286514282
1.3881704807281494
1.5310620069503784
1.5227575302124023
1.7012654542922974
1.3798993825912476
1.4300696849822998
1.6120556592941284
1.4795044660568237
1.749027967453003
1.4463833570480347
1.3619714975357056
1.3995698690414429
1.5790019035339355
1.552352786064148
1.5859339237213135
1.407420039176941
1.2097034454345703
1.3429406881332397
1.5391165018081665
1.3819328546524048
1.5286346673965454
1.4950718879699707
1.4125187397003174
1.439832091331482
1.6320208311080933
1.2728296518325806
1.5315284729003906
1.5860366821289062
1.6181753873825073
1.6230745315551758
1.52043879032135
1.512944221496582
1.6227658987045288
1.374659776687622
1.49100923538208
1.440115213394165
1.5388908386230469
1.411793828010559
1.2272547483444214
1.4172348976135254
1.4978538751602173
1.3941096067428589
1.4939982891082764
1.3270498514175415
1.5636098384857178
1.5767583847045898
1.550686001777649
1.2855815887451172
1.4583864212036133
1.4202005863189697
1.3153899908065796
1.391305923461914
1.5821959972381592
1.4845706224441528
1.3784584999084473
1.4282594919204712
1.4082448482513428
1.5073825120925903
1.3983641862869263
1.4853813648223877
1.4675817489624023
1.5397440195083618
1.4338319301605225
1.4424258470535278
1.5985924005508423
1.4828349351882935
1.5504379272460938
1.5309405326843262
1.5138123035430908
1.404234766960144
1.523790955543518
1.3592009544372559
1.5003257989883423
1.5402767658233643
1.4331938028335571
1.4131618738174438
1.4163525104522705
1.476699948310852
1.4073649644851685
1.4764940738677979
1.4868688583374023
1.482961893081665
1.5121099948883057
1.431268334388733
1.5584843158721924
1.5870462656021118
1.3112897872924805
1.6190812587738037
1.5190764665603638
1.560726523399353
1.2453590631484985
1.4798444509506226
1.570202350616455
1.5918257236480713
1.3500871658325195
1.4493989944458008
1.4183027744293213
1.5043885707855225
1.4141206741333008
1.4876070022583008
1.5789384841918945
1.617122769355774
1.3679453134536743
1.3650403022766113
1.4956040382385254
1.2384190559387207
1.5004217624664307
1.4845505952835083
1.6223461627960205
1.3523235321044922
1.3606160879135132
1.3429986238479614
1.4713338613510132
1.3121614456176758
1.5239291191101074
1.679609775543213
1.5434362888336182
1.483554720878601
1.5244437456130981
1.2934890985488892
1.2944341897964478
1.4899771213531494
1.4025968313217163
1.347878098487854
1.431389331817627
1.4137611389160156
1.3248587846755981
1.4047025442123413
1.2059262990951538
1.497868299484253
1.5544209480285645
1.422549843788147
1.5658692121505737
1.353308916091919
1.4014111757278442
1.3594145774841309
1.5279356241226196
1.4940392971038818
1.361659288406372
1.5536658763885498
1.3702598810195923
1.4066592454910278
1.2964166402816772
1.5617473125457764
1.346697211265564
1.4071400165557861
1.4268207550048828
1.3619259595870972
1.4001260995864868
1.4982448816299438
1.292966365814209
1.3773362636566162
1.377152442932129
1.4659199714660645
1.4993829727172852
1.504103183746338
1.5163631439208984
1.2344144582748413
1.4194532632827759
1.3740195035934448
1.4870617389678955
1.3611071109771729
1.436510682106018
1.4332395792007446
1.2716363668441772
1.4732906818389893
1.2621407508850098
1.2490224838256836
1.485390543937683
1.5196714401245117
1.4073045253753662
1.4516419172286987
1.309417724609375
1.4979041814804077
1.406265377998352
1.3584580421447754
1.5091325044631958
1.5421022176742554
1.2431457042694092
1.4270492792129517
1.4518986940383911
1.381048560142517
1.3490110635757446
1.4160248041152954
1.44609797000885
1.3334293365478516
1.419638752937317
1.5943515300750732
1.4131619930267334
1.333674669265747
1.400986909866333
1.451791524887085
1.3008946180343628
1.369701862335205
1.6321240663528442
1.2956116199493408
1.455967664718628
1.4017095565795898
1.284776210784912
1.230210542678833
1.309328317642212
1.4291648864746094
1.513924479484558
1.2736098766326904
1.2905153036117554
1.2758032083511353
1.4469852447509766
1.1030356884002686
1.300413966178894
1.447994589805603
1.4324522018432617
1.4149553775787354
1.500998616218567
1.2764523029327393
1.2703795433044434
1.5155789852142334
1.3209240436553955
1.419096827507019
1.2809882164001465
1.5087864398956299
1.4520466327667236
1.257331371307373
1.442859172821045
1.388533592224121
1.3380541801452637
1.3387495279312134
1.4367164373397827
1.423943281173706
1.4794306755065918
1.3373017311096191
1.3676846027374268
1.2592194080352783
1.3035050630569458
1.4220572710037231
1.3662577867507935
1.4465926885604858
1.276731014251709
1.5786354541778564
1.3924965858459473
1.409449815750122
1.2535675764083862
1.3076326847076416
1.4224095344543457
1.5212751626968384
1.5190470218658447
1.366865873336792
1.238443374633789
1.2873823642730713
1.366128921508789
1.4321367740631104
1.2480111122131348
1.5096139907836914
1.328776240348816
1.5066111087799072
1.4273971319198608
1.373719573020935
1.3096543550491333
1.408370018005371
1.2280088663101196
1.3085484504699707
1.4220448732376099
1.4535192251205444
1.3339221477508545
1.252951741218567
1.194403886795044
1.2035177946090698
1.301104187965393
1.4254932403564453
1.2876511812210083
1.427653431892395
1.3269909620285034
1.2098194360733032
1.2675966024398804
1.4174106121063232
1.3446818590164185
1.3630963563919067
1.4680743217468262
1.5179723501205444
1.2487751245498657
1.2660213708877563
1.219123125076294
1.3622326850891113
1.2951661348342896
1.6416202783584595
1.4563239812850952
1.2706001996994019
1.2859076261520386
1.4315060377120972
1.2896548509597778
1.4257583618164062
1.3238493204116821
1.1842845678329468
1.5740107297897339
1.123761773109436
1.2876462936401367
1.2761012315750122
1.5861022472381592
1.3426501750946045
1.3964483737945557
1.392695665359497
1.3616663217544556
1.356385588645935
1.2975053787231445
1.551571011543274
1.4105454683303833
1.2407621145248413
1.3580901622772217
1.4360151290893555
1.311877727508545
1.3892349004745483
1.4558199644088745
1.2122515439987183
1.336101770401001
1.3707473278045654
1.171993374824524
1.2894952297210693
1.4197382926940918
1.2400853633880615
1.3942444324493408
1.4224330186843872
1.2677905559539795
1.3929457664489746
1.2291892766952515
1.4681711196899414
1.3047337532043457
1.4415479898452759
1.2189304828643799
1.399081826210022
1.4479587078094482
1.4036529064178467
1.219573736190796
1.1920021772384644
1.3625719547271729
1.3790518045425415
1.3258943557739258
1.4423720836639404
1.1958667039871216
1.4921151399612427
1.3860870599746704
1.165022373199463
1.2125731706619263
1.4396452903747559
1.2658767700195312
1.128689169883728
1.4588086605072021
1.3696858882904053
1.1839919090270996
1.3269600868225098
1.5632846355438232
1.346859097480774
1.1142007112503052
1.3591172695159912
1.486158013343811
1.4061598777770996
1.2766894102096558
1.2953330278396606
1.4092350006103516
1.308890461921692
1.3483392000198364
1.3027375936508179
1.3351716995239258
1.26272451877594
1.2539154291152954
1.3587205410003662
1.297566533088684
1.3816431760787964
1.308735966682434
1.3046168088912964
1.2726548910140991
1.3411141633987427
1.454608678817749
1.3373748064041138
1.3735167980194092
1.460968255996704
1.2499462366104126
1.241170048713684
1.4086745977401733
1.4129996299743652
1.473775029182434
1.3442161083221436
1.4429943561553955
1.365304946899414
1.281031608581543
1.2492130994796753
1.328044056892395
1.4123635292053223
1.2367992401123047
1.3920459747314453
1.1215488910675049
1.412596583366394
1.3270550966262817
1.3967583179473877
1.3651419878005981
1.301529884338379
1.4528896808624268
1.1671946048736572
1.2951266765594482
1.325895071029663
1.2429769039154053
1.2205783128738403
1.479857325553894
1.1762763261795044
1.3231836557388306
1.2461594343185425
1.4684019088745117
1.465019941329956
1.1186655759811401
1.2525891065597534
1.3118438720703125
1.37300443649292
1.3181467056274414
1.372994303703308
1.3570528030395508
1.4172590970993042
1.0986732244491577
1.4134173393249512
1.1245207786560059
1.4163585901260376
1.3690944910049438
1.5598764419555664
1.346892237663269
1.3937402963638306
1.3768693208694458
1.2963812351226807
1.1440668106079102
1.1906790733337402
1.3387906551361084
1.3109811544418335
1.316089391708374
1.2143099308013916
1.2518415451049805
1.3055524826049805
1.3156421184539795
1.3047438859939575
1.1877577304840088
1.1445398330688477
1.264880895614624
1.3628573417663574
1.345753788948059
1.2789632081985474
1.3655163049697876
1.3754116296768188
1.2720234394073486
1.1908602714538574
1.1912676095962524
1.3500193357467651
1.1881133317947388
1.233386754989624
1.4234447479248047
1.419815182685852
1.313347339630127
1.2534226179122925
1.3578603267669678
1.3931565284729004
1.2959259748458862
1.2189487218856812
1.1480625867843628
1.3074098825454712
1.2039859294891357
1.3251477479934692
1.346510410308838
1.201338529586792
1.2119921445846558
1.3093547821044922
1.3837506771087646
1.2646735906600952
1.4387232065200806
1.2991522550582886
1.417392611503601
1.4743373394012451
1.4269431829452515
1.4984478950500488
1.3580338954925537
1.3073506355285645
1.3750433921813965
1.2919611930847168
1.3455649614334106
1.2985649108886719
1.3742588758468628
1.245723009109497
1.22230863571167
1.1999201774597168
1.3133060932159424
1.1454311609268188
1.3190747499465942
1.5711140632629395
1.3430991172790527
1.2756060361862183
1.267244815826416
1.3674473762512207
1.4041210412979126
1.3400115966796875
1.221651315689087
1.0102096796035767
1.4068962335586548
1.139858603477478
1.2096532583236694
1.2522677183151245
1.3456486463546753
1.3679598569869995
1.2201632261276245
1.3606036901474
1.171116590499878
1.1504141092300415
1.2620068788528442
1.1812336444854736
1.2274260520935059
1.3600574731826782
1.3115345239639282
1.362865924835205
1.1976979970932007
1.1708147525787354
1.0908573865890503
1.3457616567611694
1.092268705368042
1.0827184915542603
1.2561081647872925
1.3734675645828247
1.2818105220794678
1.3418996334075928
1.2031644582748413
1.295766830444336
1.4049290418624878
1.2292855978012085
1.066511631011963
1.3328598737716675
1.1147288084030151
1.305877685546875
1.3366167545318604
1.100794792175293
1.2068935632705688
1.411535620689392
1.2994420528411865
1.3625738620758057
1.1977342367172241
1.3024641275405884
1.336246371269226
1.4221383333206177
1.3498857021331787
1.341665506362915
1.2090075016021729
1.0800565481185913
1.1220942735671997
1.2437831163406372
1.2832773923873901
1.2171212434768677
1.266888976097107
1.3345445394515991
1.114142894744873
1.3995634317398071
1.1884819269180298
1.1806950569152832
1.2114136219024658
1.3612101078033447
1.4041547775268555
1.3034255504608154
1.2860695123672485
1.2200876474380493
1.1249480247497559
1.2393354177474976
1.2996772527694702
1.2685624361038208
1.2175768613815308
1.378921389579773
1.295904278755188
1.304387092590332
1.3080705404281616
1.2110520601272583
1.25557279586792
1.2455861568450928
1.3004677295684814
1.340829610824585
1.2410732507705688
1.386329174041748
1.3522651195526123
1.4824954271316528
1.3254622220993042
1.2626854181289673
1.0768992900848389
1.4666250944137573
1.2793784141540527
1.2772738933563232
1.2074334621429443
1.2008057832717896
1.27530837059021
1.4136927127838135
1.1908282041549683
1.2994409799575806
1.2361255884170532
1.2403565645217896
1.541810154914856
1.336556315422058
1.3583598136901855
1.1083210706710815
1.2413870096206665
1.1944936513900757
1.3041086196899414
1.3784806728363037
1.0746935606002808
1.137715220451355
1.3452610969543457
1.2087576389312744
1.3335514068603516
1.3139009475708008
1.1170371770858765
1.0608737468719482
1.2349179983139038
1.275377631187439
1.220418095588684
1.3363330364227295
1.110960841178894
1.2788277864456177
1.3074588775634766
1.2659084796905518
1.288926601409912
1.234544038772583
1.2142581939697266
1.1433559656143188
1.4088646173477173
1.169016718864441
1.3759013414382935
1.0964206457138062
1.0253770351409912
1.1237261295318604
1.271079421043396
1.359204888343811
1.4168493747711182
1.2090497016906738
1.0555624961853027
1.3786540031433105
1.1458231210708618
1.04430091381073
1.2449984550476074
1.11412513256073
1.1992278099060059
1.3591508865356445
1.3113996982574463
1.0460959672927856
1.242971658706665
1.312203049659729
1.2689743041992188
1.0376603603363037
1.159862995147705
1.3375840187072754
1.3078954219818115
1.2592113018035889
1.221288800239563
1.0581320524215698
1.1993982791900635
1.2241204977035522
1.3838828802108765
1.4355870485305786
1.4078501462936401
1.2358976602554321
1.3693619966506958
1.2336736917495728
1.2469552755355835
1.2702604532241821
1.0894314050674438
1.255457878112793
1.3982205390930176
1.553606629371643
1.3094488382339478
1.0910698175430298
1.2777214050292969
1.4797883033752441
1.2105973958969116
1.326636791229248
1.1951223611831665
1.2846635580062866
1.2479556798934937
1.248201608657837
1.247460126876831
1.2127702236175537
1.0989940166473389
1.2524478435516357
1.3105584383010864
1.221261739730835
1.2313172817230225
1.1905944347381592
1.131200909614563
1.1793415546417236
1.1896718740463257
1.2957223653793335
1.3424867391586304
1.159373164176941
1.1703307628631592
1.0840370655059814
1.1030619144439697
1.362365961074829
1.4350004196166992
1.2560818195343018
1.1657607555389404
1.2181938886642456
1.381249189376831
1.2200305461883545
1.1825385093688965
1.2252097129821777
1.1648224592208862
1.299308180809021
1.1309789419174194
1.3597487211227417
1.2332600355148315
1.27072274684906
1.284737229347229
1.270122766494751
1.1565300226211548
1.0895624160766602
1.3617680072784424
1.2220345735549927
1.031633734703064
1.25486159324646
1.3799798488616943
1.1330139636993408
1.2682286500930786
1.2926671504974365
1.1715346574783325
1.3255977630615234
1.2935255765914917
1.1855283975601196
1.214768648147583
1.3588314056396484
1.3131864070892334
1.34505295753479
1.189159870147705
1.3222432136535645
1.0790094137191772
1.1719293594360352
1.1617321968078613
1.2007828950881958
1.1226396560668945
1.2290443181991577
1.2097420692443848
1.2602676153182983
1.2203530073165894
1.4300984144210815
1.2047853469848633
1.152833342552185
1.2905081510543823
1.3773350715637207
1.1261169910430908
1.2716639041900635
1.2952258586883545
1.2124698162078857
1.345136046409607
1.244581937789917
1.0828595161437988
1.1960418224334717
1.2016621828079224
1.2101835012435913
1.1671308279037476
1.1339869499206543
1.2089635133743286
1.2198998928070068
1.2926170825958252
1.1407335996627808
1.2719788551330566
1.1364426612854004
1.2049787044525146
1.1839455366134644
1.0172042846679688
1.2142760753631592
1.2136638164520264
1.1962814331054688
1.160215973854065
1.3209517002105713
1.2856693267822266
0.9632863998413086
1.2467739582061768
1.2081482410430908
1.145510196685791
1.188481092453003
1.2158042192459106
1.1974177360534668
1.0476940870285034
1.2089468240737915
1.4059916734695435
1.3441438674926758
1.329064130783081
1.2540785074234009
1.1257240772247314
1.3382105827331543
1.0887254476547241
1.259587049484253
1.2174336910247803
1.3077442646026611
1.097641110420227
1.2443021535873413
1.2417219877243042
1.3263522386550903
1.1950880289077759
1.0793198347091675
1.1020756959915161
1.1885313987731934
1.1044726371765137
1.4352179765701294
1.3129557371139526
1.2731701135635376
1.2676423788070679
1.0866698026657104
1.2410342693328857
1.2349070310592651
1.1379286050796509
1.1809998750686646
1.1774334907531738
1.3021821975708008
1.1169281005859375
1.3721897602081299
1.1131154298782349
1.0624098777770996
1.1506731510162354
1.4014549255371094
1.3208644390106201
1.2498928308486938
1.0677802562713623
1.3317301273345947
1.1798088550567627
1.1790883541107178
1.220334529876709
1.1487054824829102
1.083465576171875
1.2794221639633179
1.21392822265625
1.1451969146728516
1.2757863998413086
1.2255440950393677
1.236968755722046
1.066066861152649
1.2429713010787964
1.3017586469650269
1.172330617904663
1.1391544342041016
1.179839015007019
1.0312749147415161
1.2853714227676392
1.0380979776382446
1.099773645401001
1.129853367805481
0.9791288375854492
1.221457600593567
1.1527906656265259
1.0782877206802368
1.2286633253097534
1.1308163404464722
1.1491336822509766
1.1477649211883545
1.1835929155349731
1.1681030988693237
1.218040943145752
1.1539828777313232
1.3428559303283691
1.1865731477737427
1.2515705823898315
1.236817717552185
1.0837743282318115
1.2085241079330444
1.2643955945968628
1.2262272834777832
1.1507054567337036
1.0840845108032227
1.271475076675415
1.1421390771865845
1.1903855800628662
1.1462346315383911
1.1943464279174805
1.0723429918289185
1.2637639045715332
1.1690481901168823
1.2140536308288574
1.2038460969924927
1.2116081714630127
1.257363200187683
1.1280592679977417
1.1672776937484741
1.257825493812561
1.2223531007766724
1.2279655933380127
1.317299723625183
1.1521354913711548
1.1286017894744873
1.139514446258545
1.2097824811935425
1.111251950263977
1.154549241065979
1.1128225326538086
1.174740195274353
1.0149555206298828
1.1463656425476074
1.0655499696731567
1.1403650045394897
1.3047223091125488
1.1793476343154907
1.1968084573745728
1.3398631811141968
1.0781179666519165
1.1381824016571045
1.047601342201233
1.3483003377914429
1.147631287574768
1.215705394744873
1.1832263469696045
1.1055974960327148
1.2328438758850098
1.2647534608840942
1.1005369424819946
1.2338025569915771
1.0901449918746948
1.246726393699646
1.1911417245864868
1.2063595056533813
1.1230970621109009
1.0679535865783691
1.0666792392730713
1.0751228332519531
1.2235069274902344
1.2049691677093506
1.334246039390564
1.037222146987915
1.0202381610870361
1.2159216403961182
1.0405528545379639
1.2139805555343628
1.2081485986709595
1.1703951358795166
1.1582844257354736
1.0772345066070557
1.0775874853134155
1.2434766292572021
1.0393462181091309
1.1631873846054077
1.258992075920105
1.2318285703659058
1.2103084325790405
1.167986512184143
1.0691914558410645
1.2149670124053955
1.1497435569763184
1.2891920804977417
1.1565232276916504
1.068463921546936
1.0208936929702759
1.1998906135559082
1.1436983346939087
1.3069088459014893
1.109080195426941
1.2372393608093262
1.236059546470642
1.249624490737915
1.116615653038025
1.0975091457366943
0.9730426073074341
1.3139580488204956
1.1042890548706055
1.2964742183685303
1.1542638540267944
1.2629634141921997
1.046147108078003
1.2317901849746704
1.1671874523162842
1.0848710536956787
1.0761868953704834
1.0421171188354492
1.1948997974395752
1.3485082387924194
1.1735448837280273
1.2545552253723145
1.094667673110962
1.1580722332000732
1.2216154336929321
1.2681527137756348
0.9922847151756287
1.0987248420715332
1.2060253620147705
1.2613317966461182
1.2424978017807007
1.124335527420044
1.096327781677246
1.1333463191986084
1.0159821510314941
1.050892949104309
1.165791392326355
1.3117470741271973
1.0487937927246094
1.168466567993164
1.0265284776687622
1.2037906646728516
1.2533308267593384
1.356102705001831
1.2065694332122803
1.1250312328338623
1.2578036785125732
1.0822710990905762
1.1126606464385986
1.1011216640472412
1.1622529029846191
1.0435189008712769
1.1759042739868164
1.2127889394760132
1.0987043380737305
1.2326033115386963
0.9817230701446533
1.144667387008667
0.9072976112365723
1.2012343406677246
1.2878328561782837
0.96391361951828
1.0304466485977173
1.261606216430664
1.0142227411270142
1.1957076787948608
1.00785493850708
1.102460265159607
1.2372620105743408
1.2222814559936523
1.0724186897277832
1.1193387508392334
1.1825954914093018
1.1894038915634155
1.2278159856796265
1.1004815101623535
1.2712708711624146
1.2383747100830078
1.1906414031982422
1.099612832069397
1.2872374057769775
1.1974343061447144
1.2060637474060059
1.286993384361267
1.2058939933776855
1.3374464511871338
1.0537421703338623
1.2115368843078613
1.0544391870498657
1.2949814796447754
1.1905916929244995
1.0848323106765747
1.170571208000183
1.2974933385849
1.2053900957107544
1.1647804975509644
1.2134363651275635
1.0046603679656982
1.1052793264389038
1.1718281507492065
1.2782291173934937
1.1456718444824219
1.19050931930542
1.090651035308838
1.1706551313400269
1.0670616626739502
1.0095432996749878
1.1765594482421875
1.0653266906738281
1.2093099355697632
1.0997037887573242
1.1510542631149292
1.0256963968276978
1.1617213487625122
1.0646045207977295
1.2751352787017822
1.1939268112182617
1.1436291933059692
1.143530011177063
1.0956677198410034
1.0990278720855713
1.0909661054611206
1.0868724584579468
1.277937650680542
1.485506296157837
1.359457015991211
1.180166482925415
1.202641487121582
1.1484171152114868
1.1608309745788574
1.088984489440918
1.4116886854171753
1.197788953781128
1.2188326120376587
1.1301037073135376
1.2876969575881958
1.1291913986206055
1.0827655792236328
1.1357767581939697
1.1137298345565796
1.2769601345062256
0.8797260522842407
1.1501758098602295
1.1174396276474
1.073331594467163
1.071828842163086
1.1469510793685913
1.2178514003753662
1.1818668842315674
1.2107809782028198
1.242521047592163
1.1081997156143188
1.0765912532806396
0.9760162830352783
1.1427762508392334
1.1193164587020874
1.2449239492416382
1.3813271522521973
1.1565454006195068
1.211319088935852
1.129655122756958
1.163488507270813
1.322052240371704
1.2633403539657593
1.1396701335906982
1.2292068004608154
1.127724528312683
1.192696213722229
1.238856315612793
1.0541725158691406
1.1531540155410767
1.0799049139022827
1.2847927808761597
1.275900959968567
1.2053004503250122
1.2434420585632324
1.1008429527282715
1.0010851621627808
1.1953107118606567
1.2828941345214844
1.2280946969985962
1.2704150676727295
0.8942397236824036
1.157487154006958
0.9879258275032043
1.2392857074737549
1.1139917373657227
1.1368212699890137
1.199237585067749
1.1648187637329102
1.1606608629226685
1.157963514328003
1.0716410875320435
1.1656367778778076
1.2010940313339233
1.1123212575912476
1.3228378295898438
1.0647727251052856
1.0996919870376587
1.0216445922851562
1.1016935110092163
1.2384254932403564
1.1249349117279053
1.0957062244415283
0.9717851877212524
1.1068187952041626
1.0428040027618408
1.1763770580291748
1.2699930667877197
1.0913761854171753
1.1589360237121582
1.0643373727798462
1.0186996459960938
1.1583125591278076
1.020762324333191
0.962389349937439
1.106897234916687
1.1313252449035645
1.1712790727615356
1.1798776388168335
1.0397578477859497
1.1873728036880493
1.2592111825942993
1.3096108436584473
1.1060144901275635
1.1160486936569214
1.1547203063964844
1.4018821716308594
1.1702697277069092
1.231818437576294
1.1714832782745361
1.0715314149856567
1.2337692975997925
1.1611331701278687
1.0858166217803955
1.1275957822799683
1.2537825107574463
1.098029375076294
1.1445379257202148
1.099298119544983
1.0840336084365845
1.2201943397521973
1.2022693157196045
1.0434366464614868
1.0051913261413574
1.263028621673584
1.1529020071029663
1.0112414360046387
1.0847246646881104
1.143680214881897
1.160378098487854
1.0947282314300537
1.0821795463562012
1.0814377069473267
1.1644223928451538
1.029963731765747
1.1249159574508667
1.1033636331558228
1.0488032102584839
1.0222222805023193
1.185428261756897
1.0664657354354858
1.3124027252197266
1.1404860019683838
1.2109870910644531
1.0273325443267822
1.182642936706543
1.0598763227462769
1.243152379989624
1.3849775791168213
1.2072783708572388
1.1719286441802979
1.1436368227005005
0.9447711706161499
1.2536695003509521
1.1471664905548096
0.9442587494850159
1.1421005725860596
1.1077395677566528
1.0631680488586426
1.0358961820602417
1.2584447860717773
1.3228285312652588
1.3051735162734985
1.15043306350708
1.022660255432129
1.2303528785705566
1.0786101818084717
1.0726704597473145
0.9756812453269958
1.1948292255401611
1.2450506687164307
1.188456416130066
1.0876399278640747
1.1168078184127808
1.0605841875076294
1.0815447568893433
1.1494768857955933
1.019033432006836
1.137608528137207
1.2941502332687378
1.1793789863586426
1.2812249660491943
1.1279913187026978
1.1032371520996094
1.2049560546875
1.1653475761413574
1.2342544794082642
1.188425898551941
1.1278451681137085
1.1696255207061768
1.1168123483657837
1.0611218214035034
1.058130145072937
1.3390202522277832
1.1140367984771729
1.142679214477539
1.305910348892212
1.1572656631469727
1.2198710441589355
1.0499414205551147
1.1851509809494019
1.330566644668579
1.0300894975662231
1.0688819885253906
1.0377460718154907
0.9840596914291382
1.135201096534729
1.2494083642959595
0.9702256321907043
1.1814727783203125
1.0784934759140015
1.045586347579956
1.1501328945159912
0.9854691028594971
1.1888175010681152
1.13797926902771
1.333201289176941
1.127610206604004
1.2353893518447876
0.9965544939041138
1.180884838104248
1.1953288316726685
0.9923394322395325
1.0946135520935059
1.0546808242797852
1.0628905296325684
1.1433873176574707
1.1419570446014404
1.2406142950057983
1.1672755479812622
0.94366854429245
0.8523868322372437
1.129470705986023
1.0050787925720215
1.061679720878601
1.0238410234451294
1.2427737712860107
1.1713855266571045
0.9870248436927795
1.259263515472412
1.0492326021194458
0.9083689451217651
1.0708781480789185
1.1734341382980347
1.0851688385009766
1.109129548072815
1.1974778175354004
0.992875337600708
1.0833123922348022
1.32956862449646
1.2476568222045898
1.3615806102752686
0.9910136461257935
0.9424012303352356
1.1518580913543701
0.9583917260169983
0.9497868418693542
1.17758047580719
1.1632920503616333
1.1411190032958984
1.100132703781128
1.0758553743362427
0.9858484864234924
1.1814591884613037
1.0474450588226318
0.9900379180908203
1.1722291707992554
1.0040466785430908
0.9921895861625671
1.0734144449234009
1.0340901613235474
1.1285017728805542
1.0492923259735107
0.9578948020935059
1.079913854598999
1.2262834310531616
1.2154401540756226
1.1105623245239258
0.9820413589477539
1.194136381149292
0.903784990310669
1.0869981050491333
1.079426646232605
1.1892855167388916
1.0731494426727295
1.0879744291305542
1.1299893856048584
1.3579894304275513
1.0073506832122803
1.1215236186981201
1.167569875717163
1.0472218990325928
1.183077335357666
1.0538307428359985
0.9994499087333679
1.0430330038070679
0.9937018156051636
1.1717132329940796
0.9814751744270325
1.22332763671875
1.0734938383102417
1.2758123874664307
1.0191866159439087
1.1379079818725586
1.1289931535720825
1.1412628889083862
1.130258321762085
1.016318917274475
1.3324239253997803
1.0066874027252197
0.9523948431015015
1.1762088537216187
1.0242691040039062
1.0025339126586914
1.1129497289657593
1.0983765125274658
1.065677523612976
1.0227338075637817
1.0928764343261719
1.0670793056488037
1.3078166246414185
1.0516691207885742
1.1965173482894897
1.1507835388183594
1.2662456035614014
1.0143582820892334
0.9793732166290283
0.9646182656288147
1.240569829940796
1.0256454944610596
1.0108989477157593
1.0276014804840088
1.013232946395874
1.1098740100860596
1.1177269220352173
1.0403437614440918
1.2637100219726562
1.1599376201629639
1.0736206769943237
1.113142967224121
1.184965968132019
1.1581828594207764
1.0309606790542603
1.025682806968689
0.9455736875534058
1.105785846710205
1.1029869318008423
1.184556245803833
0.9268723726272583
0.9488865733146667
1.140884518623352
1.0647296905517578
0.898566484451294
1.2416638135910034
0.9849984049797058
1.1128253936767578
1.0726404190063477
1.0648748874664307
0.911589503288269
1.2029459476470947
1.0573261976242065
1.0102596282958984
0.9881495237350464
1.1254249811172485
1.0452743768692017
1.1588459014892578
1.166314721107483
1.016271710395813
1.019593596458435
1.0183089971542358
1.1362861394882202
1.1168467998504639
1.142761468887329
1.1018035411834717
1.198048710823059
1.155509114265442
1.1445814371109009
1.221276044845581
1.1843640804290771
1.3549202680587769
1.2688603401184082
1.0894025564193726
1.0219509601593018
1.1593276262283325
1.0544116497039795
0.9643287062644958
1.0818374156951904
1.056894063949585
1.1220635175704956
1.0474648475646973
0.9075217843055725
0.9547523856163025
1.0020015239715576
1.2390364408493042
1.1877869367599487
1.1144808530807495
1.2051293849945068
1.0450559854507446
1.0234054327011108
1.1202692985534668
1.196274757385254
0.9083960652351379
1.0077309608459473
1.2369049787521362
1.2164247035980225
1.14688241481781
1.050333023071289
1.1218537092208862
0.9897372126579285
1.085479736328125
1.1611945629119873
1.0649478435516357
1.0578222274780273
1.0238118171691895
0.9082571864128113
1.2264171838760376
0.8737832903862
0.9740819931030273
1.1365453004837036
0.9672321081161499
1.0037248134613037
1.100753664970398
1.1222245693206787
1.2984368801116943
1.033579707145691
1.1046212911605835
1.052829623222351
1.04854154586792
1.2097077369689941
1.085262417793274
1.0278677940368652
1.0784481763839722
1.1112432479858398
1.1191740036010742
0.8673976063728333
1.030326247215271
1.0937981605529785
1.0237884521484375
0.8788225054740906
1.0552970170974731
1.159013032913208
0.9827563762664795
1.0293736457824707
0.9782870411872864
1.1397407054901123
1.07746422290802
1.1104356050491333
1.1559065580368042
1.0836154222488403
0.867856502532959
1.1169968843460083
1.2959065437316895
1.1401393413543701
1.0051833391189575
1.1223918199539185
0.8923312425613403
1.0019176006317139
1.0836615562438965
0.9629491567611694
1.189137578010559
1.3644704818725586
0.9475981593132019
1.0167298316955566
1.1112573146820068
1.2072231769561768
1.168360948562622
1.0561355352401733
1.1193722486495972
1.0042272806167603
1.1146262884140015
1.1219573020935059
0.833487331867218
0.9696699976921082
1.0452250242233276
1.149701714515686
0.9649112224578857
1.0962713956832886
1.1793994903564453
1.039874792098999
1.0507177114486694
1.0409886837005615
0.9915506839752197
0.9935798048973083
0.9952347278594971
1.092896819114685
1.1303492784500122
1.0184746980667114
1.1670409440994263
1.063258409500122
1.226283311843872
1.2831975221633911
1.113581657409668
1.1221060752868652
0.912047266960144
1.1664230823516846
1.0814825296401978
1.1136572360992432
1.0304288864135742
1.1165363788604736
1.1762111186981201
1.1303635835647583
0.9163172841072083
1.1952165365219116
1.0987447500228882
1.067801833152771
1.2414000034332275
1.149827480316162
1.129201889038086
1.2501811981201172
1.1529662609100342
1.1200954914093018
1.0185410976409912
1.0758074522018433
1.071860432624817
1.2214637994766235
1.0785346031188965
1.2693082094192505
0.9638116955757141
1.0524158477783203
1.0188552141189575
1.250882625579834
1.034055233001709
1.1032798290252686
1.0231393575668335
1.0952067375183105
1.0577975511550903
1.1428099870681763
0.951540470123291
1.0457111597061157
1.0790574550628662
1.1210110187530518
1.0257638692855835
1.0418397188186646
1.0903791189193726
1.1037304401397705
1.0662881135940552
1.1675841808319092
1.0426305532455444
1.024653434753418
0.9509121775627136
1.1423051357269287
1.0646816492080688
1.143980622291565
0.9763259291648865
1.0609848499298096
1.1576330661773682
1.1150535345077515
1.1480107307434082
1.0295078754425049
0.948993444442749
0.9605636596679688
1.0399123430252075
1.0649051666259766
1.0335923433303833
1.204728364944458
1.0817619562149048
0.9851720929145813
0.9188283681869507
1.0359007120132446
0.959656298160553
1.0753092765808105
1.1142078638076782
0.9259538650512695
0.985293447971344
1.1345486640930176
1.0430669784545898
1.180029273033142
1.0123530626296997
1.238884449005127
1.0653573274612427
1.0990517139434814
1.0438451766967773
1.333890676498413
1.0225247144699097
0.9459264874458313
0.9654174447059631
1.180068016052246
1.1103266477584839
1.2755624055862427
1.1669938564300537
1.001542091369629
0.9740524291992188
1.094427227973938
1.0470284223556519
1.1784197092056274
1.108296275138855
1.0374164581298828
1.1261565685272217
1.1936390399932861
1.0399620532989502
1.0150697231292725
1.063098669052124
0.9607064723968506
1.0938284397125244
1.075659990310669
1.0138095617294312
1.2324649095535278
1.0154125690460205
1.0781818628311157
0.9901243448257446
1.0769414901733398
1.0027787685394287
1.084954023361206
0.9949344396591187
0.9747275710105896
1.1075189113616943
0.9753447771072388
1.115786075592041
1.023874044418335
1.0444741249084473
1.1124460697174072
1.1968023777008057
0.9298185110092163
0.8465214967727661
0.9303810596466064
1.06538724899292
0.9617716670036316
0.928045928478241
1.0624523162841797
1.2166084051132202
0.9914129972457886
0.9879719614982605
0.8933675289154053
0.8916769027709961
1.0402319431304932
0.9789611101150513
1.2652400732040405
1.211687684059143
1.0642805099487305
1.2311862707138062
0.9692556262016296
1.0604320764541626
0.9330511093139648
1.1571921110153198
0.9714421629905701
1.0982465744018555
1.156079649925232
1.1072654724121094
1.1134910583496094
1.2301393747329712
1.1953693628311157
1.0217527151107788
0.9168253540992737
1.2033101320266724
1.249039888381958
1.066491961479187
1.0824613571166992
1.03709077835083
1.143951654434204
1.0786657333374023
1.0856372117996216
1.298417329788208
1.1038384437561035
1.0571123361587524
1.0545415878295898
0.9710071682929993
1.0153239965438843
1.1618469953536987
1.1149624586105347
1.1215903759002686
1.0171672105789185
1.0389900207519531
1.153021216392517
1.0365509986877441
1.0564661026000977
1.0121816396713257
1.1800405979156494
1.0830177068710327
1.067578911781311
1.0672662258148193
1.0368964672088623
0.8397032022476196
1.152481198310852
1.1929246187210083
1.1206918954849243
0.9685813188552856
1.1089539527893066
0.9286724925041199
1.1483210325241089
1.096535325050354
1.0407416820526123
0.9381337761878967
1.100554347038269
1.2383558750152588
1.1915030479431152
0.8362507224082947
1.0133529901504517
0.895572304725647
0.9518291354179382
1.1208173036575317
0.7956194281578064
1.128214716911316
1.089078664779663
0.9860886335372925
1.0611109733581543
1.074212908744812
1.364125370979309
0.9014264345169067
1.1892274618148804
1.0935267210006714
1.0832359790802002
1.1139261722564697
1.0633989572525024
1.0662349462509155
1.0301575660705566
1.0299619436264038
1.0256284475326538
0.9268835783004761
1.0586179494857788
1.0094850063323975
1.0713986158370972
1.1798967123031616
1.1218981742858887
1.118497371673584
1.0725982189178467
0.9508749842643738
1.077604055404663
1.1069918870925903
1.200940728187561
0.971356987953186
0.9751437306404114
1.1044034957885742
0.8134279251098633
1.0645376443862915
0.9842097759246826
0.9084295630455017
1.0766830444335938
1.0620309114456177
1.138681411743164
1.0432549715042114
1.0545586347579956
1.1939882040023804
1.123254418373108
1.0212148427963257
1.0617742538452148
0.9780001044273376
1.181204080581665
1.0878863334655762
1.1517730951309204
1.1646705865859985
0.9961555004119873
1.0036566257476807
1.114854335784912
1.0924865007400513
0.9403102993965149
1.0087438821792603
1.151860237121582
0.9561410546302795
0.8827376961708069
1.0677881240844727
0.8822094202041626
0.9253822565078735
1.0254251956939697
1.0157756805419922
0.9630541801452637
1.0518910884857178
0.9963882565498352
0.7713171243667603
0.8113887310028076
1.116714358329773
0.9119207262992859
0.920730710029602
1.0841641426086426
1.0453728437423706
1.0982962846755981
0.9963739514350891
1.0948154926300049
1.2525242567062378
1.1732194423675537
1.122462272644043
1.0791128873825073
0.9826905131340027
1.0419971942901611
1.0481475591659546
1.0158774852752686
1.072876214981079
1.039137363433838
1.1167041063308716
1.1105996370315552
0.9364578723907471
1.1022824048995972
0.9166484475135803
1.117007851600647
1.1060324907302856
0.9612414836883545
1.0485082864761353
1.2101476192474365
0.8251340389251709
1.0309051275253296
1.2048304080963135
0.9953866600990295
1.0379762649536133
1.0571246147155762
1.4232361316680908
1.0208768844604492
1.0603502988815308
0.9992215037345886
1.1217832565307617
0.889465868473053
1.0320186614990234
1.210100769996643
0.9431041479110718
0.9584168791770935
1.1755006313323975
0.9530578255653381
0.9489559531211853
0.9409599900245667
0.9501676559448242
0.8752346038818359
0.8510463237762451
0.8919517993927002
0.8877978920936584
0.9381765723228455
0.9286806583404541
0.8881364464759827
1.0743193626403809
1.011600136756897
0.9916767477989197
1.1646848917007446
0.984128475189209
0.8948825597763062
1.0764356851577759
1.0662226676940918
1.0286858081817627
1.119797945022583
1.0541131496429443
1.0972479581832886
1.2606364488601685
1.287171721458435
0.9696481227874756
1.069894552230835
1.0463467836380005
0.9231167435646057
1.1905133724212646
0.9676064848899841
1.0459094047546387
0.9697065353393555
1.0948673486709595
0.9918646812438965
0.9628494381904602
0.9491968154907227
0.9986215829849243
0.951270580291748
1.2003190517425537
1.1244648694992065
0.9518186450004578
1.1419733762741089
1.0094833374023438
0.9537315368652344
1.0728299617767334
1.021822452545166
0.9755251407623291
1.1035667657852173
0.9188486933708191
0.9760410785675049
1.197459101676941
0.994804322719574
0.8224762082099915
1.1171942949295044
0.9225544333457947
0.970729649066925
1.050870656967163
1.1699689626693726
1.017148494720459
1.008560061454773
0.8721250295639038
1.137549877166748
0.9774307012557983
0.9652066230773926
0.9474771022796631
0.9251634478569031
1.019821047782898
0.9464114308357239
1.0781402587890625
0.8851388096809387
1.0461913347244263
0.8166975975036621
1.1953853368759155
1.0043922662734985
1.1705321073532104
0.9935593008995056
1.0266928672790527
1.0913538932800293
0.8621432781219482
1.372286081314087
0.8710306882858276
0.8731408715248108
1.0111923217773438
0.9066346883773804
0.9431756734848022
1.0347464084625244
1.0245083570480347
1.2108505964279175
1.1507377624511719
1.0303999185562134
0.9203009009361267
1.082061767578125
1.1460397243499756
1.0581116676330566
1.126072883605957
1.128696322441101
1.2090955972671509
0.9435082674026489
1.0516986846923828
1.051634430885315
1.084244966506958
1.0862830877304077
0.9832507967948914
1.1155812740325928
0.9410865902900696
0.894213080406189
1.0284504890441895
1.026907205581665
0.9618690609931946
1.0293523073196411
1.1564220190048218
0.9922581315040588
1.0617417097091675
0.8985301852226257
1.1183311939239502
1.2044087648391724
0.9299960732460022
1.0902925729751587
1.0080995559692383
1.192959189414978
0.9277969598770142
0.8749293088912964
0.9197438359260559
1.0165972709655762
1.030113697052002
0.8513665199279785
0.9024598598480225
0.9905322194099426
0.9694321751594543
0.8730610609054565
0.9158746004104614
0.914368748664856
1.1458698511123657
0.9884711503982544
1.1258270740509033
0.9218336939811707
0.8431727290153503
1.1017792224884033
0.9932980537414551
0.8909947872161865
0.9209275841712952
0.995752215385437
1.1466339826583862
1.1290066242218018
1.0898234844207764
0.9291037321090698
1.1132745742797852
1.1610417366027832
1.069857120513916
1.2670376300811768
0.9199640154838562
1.0216000080108643
1.158130168914795
0.9544703364372253
1.0690923929214478
1.0167077779769897
0.9561652541160583
1.1212127208709717
1.0257294178009033
1.0258216857910156
0.9941412210464478
0.9379861950874329
1.0106780529022217
1.1444743871688843
0.8372337222099304
1.0084882974624634
0.7957931756973267
1.0354712009429932
0.9256268739700317
1.076784372329712
0.9462498426437378
1.036926507949829
0.9861435890197754
1.1647042036056519
1.1632537841796875
1.2032251358032227
1.0368480682373047
1.2332417964935303
0.9235392808914185
0.9897463321685791
1.0727062225341797
1.0003693103790283
1.1614524126052856
1.3090513944625854
1.0242621898651123
1.025063157081604
0.8789778351783752
0.8652803897857666
0.9962067604064941
1.1280032396316528
1.1238467693328857
1.0915172100067139
0.9423045516014099
0.9287051558494568
0.8974046111106873
1.1169486045837402
1.0739110708236694
0.9856559038162231
0.961341381072998
0.9569652676582336
0.9811193943023682
0.8991973400115967
0.850533127784729
0.996058464050293
1.062135100364685
0.9542725086212158
0.9992695450782776
0.9591993689537048
1.1664097309112549
0.9817590713500977
0.9828752875328064
1.1416631937026978
1.2382339239120483
0.9304342865943909
0.8922402858734131
1.1099520921707153
0.9229238033294678
1.003342866897583
1.1473729610443115
1.1119920015335083
1.0476491451263428
0.8655368685722351
1.290788173675537
0.9575720429420471
0.9608685374259949
1.01323401927948
0.9422916769981384
0.943667471408844
0.9226646423339844
1.059091329574585
1.0307762622833252
1.0362310409545898
0.9553837776184082
1.0410032272338867
0.9911365509033203
1.1703099012374878
0.965328574180603
0.8511629700660706
0.980962872505188
1.168639063835144
1.0343490839004517
1.0464413166046143
1.129434585571289
0.9591401219367981
1.0845143795013428
1.1296405792236328
1.0108469724655151
1.1097415685653687
0.9413038492202759
1.0310168266296387
1.0453112125396729
1.040332555770874
1.0421090126037598
0.7768734693527222
0.9927219748497009
1.0340652465820312
1.0237865447998047
1.0203601121902466
0.9571714997291565
0.9355372786521912
1.047282338142395
0.9302021265029907
0.9506658911705017
1.0110275745391846
1.0222584009170532
0.8247677087783813
0.9170979261398315
0.9743044972419739
1.09298837184906
1.0242606401443481
1.0627434253692627
1.0256088972091675
0.8629941344261169
1.0932257175445557
1.0148043632507324
0.7867607474327087
1.1607178449630737
0.9967178702354431
1.0859302282333374
0.9948806166648865
1.0494931936264038
0.9576969146728516
0.9988467693328857
1.10272216796875
1.0169321298599243
1.0607789754867554
1.0674573183059692
1.000029444694519
1.1069833040237427
1.0404256582260132
0.9589526057243347
1.066420078277588
0.9108086824417114
1.0256808996200562
0.9610636234283447
1.1349085569381714
0.9602726101875305
1.1001781225204468
0.8282294869422913
0.9562521576881409
0.8335164189338684
1.0074406862258911
1.0793325901031494
1.1169116497039795
0.9872371554374695
1.0164837837219238
1.1047263145446777
0.9863135814666748
1.0044658184051514
0.9430006742477417
1.1727348566055298
1.2386610507965088
0.9569253921508789
0.9332183599472046
0.8522012233734131
1.0699087381362915
1.0144761800765991
0.9401594996452332
0.9212526679039001
0.9669489860534668
0.9296148419380188
0.8583184480667114
1.0383309125900269
1.0374935865402222
1.0858441591262817
0.9921854138374329
0.9662377238273621
0.9943508505821228
0.9622182250022888
0.811241626739502
1.298141598701477
1.0345619916915894
0.9336835145950317
1.198675274848938
1.01344895362854
1.1908440589904785
1.0448548793792725
1.1044596433639526
0.8995453715324402
0.8714932203292847
1.0813179016113281
0.9564208388328552
0.9304514527320862
0.9369142651557922
1.0664626359939575
0.8921566009521484
0.8326086401939392
0.9289718866348267
0.9694093465805054
1.0321863889694214
1.1057701110839844
0.9699036478996277
1.212005615234375
0.7811186909675598
0.9178046584129333
0.9674097895622253
1.2337768077850342
1.110290288925171
1.195001244544983
0.8950137495994568
1.0004016160964966
1.0837457180023193
0.7792416214942932
1.0632739067077637
0.8957652449607849
0.8169271945953369
0.8652674555778503
1.0975797176361084
0.8881828784942627
0.8856777548789978
1.0297107696533203
1.1135051250457764
1.1325323581695557
0.9682748317718506
0.9323142766952515
0.8630270957946777
0.9612364172935486
0.9427568316459656
0.9080914855003357
1.0595859289169312
1.0053815841674805
1.072415828704834
0.8170714378356934
1.0113240480422974
0.9704909920692444
0.9635431170463562
0.8714383244514465
0.9235720038414001
0.9058159589767456
0.9065747261047363
0.9443563222885132
0.9504982829093933
1.0158065557479858
0.9336175918579102
1.0094226598739624
1.0378670692443848
1.0714670419692993
1.0585359334945679
0.9539402723312378
0.9822590351104736
0.9609459042549133
0.9148851037025452
0.9752408266067505
0.8953174352645874
1.1274847984313965
0.9015272855758667
0.8189189434051514
0.97756427526474
1.0711555480957031
0.9477167725563049
0.994223952293396
0.8412913084030151
0.8206700086593628
0.919834554195404
1.066558837890625
0.8968552350997925
0.9698487520217896
0.9682773947715759
1.024428129196167
0.8846928477287292
1.0220593214035034
1.0157859325408936
0.9257660508155823
1.0776596069335938
0.937286913394928
1.0927274227142334
1.0103687047958374
0.9935945868492126
0.9103281497955322
1.0310114622116089
1.1651926040649414
0.9390228986740112
0.8271103501319885
1.0759387016296387
0.9014192223548889
0.890519380569458
1.0820465087890625
1.0499849319458008
0.9796080589294434
0.9807567000389099
0.8024783134460449
0.739221453666687
1.0247726440429688
0.8671864867210388
0.9559287428855896
0.8621504902839661
0.8919309377670288
1.0917881727218628
0.9706265330314636
0.9098241329193115
1.0964994430541992
0.9438693523406982
1.049824833869934
1.337900996208191
1.0035879611968994
0.8693044781684875
1.0349147319793701
1.0052781105041504
0.9850654602050781
1.1067544221878052
1.0597033500671387
0.9610875844955444
1.058701515197754
1.0900239944458008
0.9914723038673401
1.129908800125122
1.0246806144714355
1.0002931356430054
0.7820955514907837
1.0646332502365112
1.0012452602386475
0.959566056728363
0.8503140807151794
0.985725998878479
0.8086742162704468
0.9081193208694458
0.9344586133956909
0.9536175727844238
1.0124824047088623
1.0319693088531494
0.9769333004951477
0.858849048614502
1.209701657295227
0.9711222052574158
0.9172943234443665
0.9346751570701599
1.0380704402923584
1.0131481885910034
0.8187578916549683
0.7865450382232666
1.1703739166259766
0.986428439617157
1.076694369316101
1.0236529111862183
1.063825011253357
1.034533143043518
1.0336413383483887
1.014505386352539
1.0332857370376587
0.9994490742683411
0.877648651599884
1.0907084941864014
0.9664140939712524
0.9025484323501587
0.9148924350738525
1.0672852993011475
0.9712646007537842
0.8647279143333435
0.9578900933265686
1.0422173738479614
1.2214057445526123
0.8348057270050049
0.9381126165390015
1.0290995836257935
0.9282166361808777
0.8789486885070801
1.0177175998687744
0.9288542866706848
1.1151916980743408
0.9545360803604126
0.8252460956573486
1.0867905616760254
1.0469753742218018
0.8728426694869995
0.9387231469154358
1.0370533466339111
0.9599023461341858
0.9549206495285034
0.9906017780303955
1.0487902164459229
0.9875087141990662
0.9306237101554871
0.8804969191551208
0.8548564314842224
0.918289065361023
0.8746228814125061
1.0626486539840698
0.952512800693512
0.8963233232498169
0.7263302206993103
1.06724214553833
0.829853355884552
1.0615684986114502
1.0425150394439697
1.0776582956314087
0.8208358287811279
0.9334471821784973
1.032698154449463
0.8878753781318665
1.0466820001602173
1.035232663154602
1.0444287061691284
0.9891942143440247
1.207428216934204
1.0696077346801758
0.8659040927886963
1.1100741624832153
1.1167774200439453
0.9258603453636169
0.8903322219848633
0.8727491497993469
0.80626380443573
1.1082401275634766
1.1316701173782349
0.9103822112083435
1.215532660484314
0.9324741363525391
0.9935475587844849
1.1127837896347046
1.0982738733291626
1.1593098640441895
0.95772385597229
0.9948257207870483
1.0972400903701782
1.1203808784484863
1.1256051063537598
0.9519140124320984
1.062798261642456
1.1505823135375977
0.8819307088851929
0.8807668685913086
0.9743244647979736
1.0430684089660645
0.9882658123970032
0.8860027194023132
1.022691249847412
1.1447416543960571
0.7851060032844543
0.8363038897514343
1.1614503860473633
1.0253336429595947
1.2380070686340332
0.8086221814155579
1.000545620918274
1.1116822957992554
0.8835951685905457
0.9363572597503662
0.9843851923942566
0.8316920399665833
1.0292738676071167
0.996071457862854
0.7435275316238403
0.8142198920249939
0.9080684781074524
1.045941948890686
0.9985823035240173
0.8154091238975525
1.0829330682754517
1.1419247388839722
0.8940479755401611
1.14033043384552
0.9734809398651123
0.9770845174789429
0.935644805431366
1.0398831367492676
1.0673106908798218
0.9283098578453064
0.8472526669502258
0.9535547494888306
0.9553084969520569
1.162434458732605
0.8138777613639832
0.9976808428764343
1.0126310586929321
1.0898100137710571
0.8980796337127686
0.9292831420898438
1.0359971523284912
0.8132678866386414
0.9503598213195801
1.0359400510787964
0.99364173412323
1.0967273712158203
1.0401020050048828
1.0316437482833862
0.9931162595748901
1.084010362625122
1.0634732246398926
1.0271875858306885
0.9581952691078186
0.9169726967811584
0.9851467609405518
0.8443815112113953
0.9526350498199463
0.8224894404411316
0.8868380188941956
1.0009340047836304
1.0699738264083862
0.8487802743911743
0.8080078959465027
0.8034307360649109
1.207136631011963
0.8070417642593384
0.9903680682182312
1.187016248703003
0.8881370425224304
1.0155363082885742
0.8258723020553589
0.9321456551551819
0.8464609384536743
1.1176518201828003
1.0131596326828003
0.9376298785209656
0.9824841022491455
0.9066725969314575
0.9030010104179382
0.8088346719741821
0.9817772507667542
0.8922311067581177
0.9047423601150513
1.187761902809143
0.9912901520729065
1.025400996208191
0.8915128707885742
1.4042223691940308
0.7425647974014282
1.0287175178527832
0.9730368256568909
1.1714938879013062
0.8610635995864868
1.0666093826293945
0.661591649055481
0.836851179599762
1.080674409866333
0.9947936534881592
0.9448069930076599
0.8991138935089111
0.9515453577041626
0.924439549446106
0.9424090385437012
0.8939453363418579
0.842727541923523
0.8363717198371887
0.8937024474143982
0.9154640436172485
1.0130609273910522
0.7694045305252075
1.0095630884170532
0.8970423340797424
0.9720712900161743
0.8451418280601501
1.1104841232299805
1.1682331562042236
1.2219998836517334
0.9032225012779236
1.1665887832641602
0.8376452326774597
0.9298656582832336
1.0659838914871216
1.0328565835952759
0.8713460564613342
1.023177981376648
0.9351045489311218
0.9019301533699036
0.9350668787956238
0.9867585301399231
1.0401626825332642
1.0370562076568604
0.9780751466751099
0.8195581436157227
0.8317182660102844
1.0408401489257812
1.0030028820037842
1.0114035606384277
1.0429449081420898
0.9747596383094788
0.9292944073677063
1.0843405723571777
0.9664982557296753
0.9165158867835999
0.993129312992096
1.0741138458251953
1.1425057649612427
1.0278260707855225
1.1030975580215454
1.1043444871902466
0.9386478662490845
0.9231957197189331
0.9238992929458618
1.007416844367981
0.9248981475830078
1.178351640701294
0.9056127071380615
1.0760858058929443
0.9383905529975891
0.7929530143737793
1.0226985216140747
1.131672978401184
0.9701002240180969
0.9343852400779724
0.9929905533790588
0.9637309312820435
1.0356611013412476
0.8999691009521484
0.8988515138626099
1.051779866218567
0.9311769008636475
1.107489824295044
1.0323173999786377
0.8779388070106506
0.9124600887298584
0.7728673219680786
0.9322758913040161
0.9583975672721863
0.9006054997444153
0.9467771053314209
0.8015171885490417
0.95280921459198
0.7217782735824585
1.2085059881210327
0.912452220916748
1.0113966464996338
0.9876325726509094
0.9400540590286255
0.9185769557952881
1.0303351879119873
1.0486606359481812
0.7725992202758789
0.8653779029846191
1.0700750350952148
0.8456987738609314
0.8047104477882385
0.9990003108978271
1.2033590078353882
0.9777041673660278
0.8515274524688721
0.8810656070709229
1.0977579355239868
0.8636555075645447
1.0142738819122314
0.9761374592781067
1.2494497299194336
1.024867296218872
0.9778858423233032
0.9961431622505188
0.9613293409347534
0.8778349161148071
0.8298133015632629
0.8647364377975464
0.7718318700790405
0.9157158732414246
0.892780065536499
0.9414554834365845
0.9781290292739868
0.9166225790977478
0.8124112486839294
0.8678486347198486
1.117706537246704
0.8630865216255188
0.8466347455978394
1.0515419244766235
0.8845828175544739
0.9939032793045044
0.9418990612030029
1.1103607416152954
0.7162969708442688
0.8997940421104431
0.8775827884674072
1.0224922895431519
0.895011305809021
0.8816235661506653
1.120948076248169
0.937598705291748
1.0077202320098877
0.9995173811912537
0.9407095313072205
0.9229137301445007
1.1464061737060547
0.937894880771637
0.9078837037086487
1.0950123071670532
1.0409303903579712
0.813378632068634
1.048331379890442
0.7410876750946045
0.9765369892120361
1.0079505443572998
0.9280790090560913
1.074135661125183
0.9014753103256226
0.8385997414588928
1.0232126712799072
0.781408965587616
0.8972213864326477
0.9994642734527588
0.989854633808136
0.9012370109558105
1.077155590057373
0.8187544941902161
0.8786949515342712
0.9367955923080444
0.90705806016922
0.9138968586921692
1.0521585941314697
0.9015833139419556
1.0084612369537354
0.9618947505950928
1.015511155128479
1.0864787101745605
0.8892180919647217
0.8887191414833069
0.9647091031074524
0.9799421429634094
0.9001991748809814
0.9140655398368835
1.0591343641281128
0.8903695344924927
0.8073071837425232
0.938522219657898
1.2208157777786255
0.8705050349235535
1.06904137134552
0.9827554821968079
1.0274828672409058
1.1717698574066162
1.0180827379226685
1.1130483150482178
0.796019971370697
0.8801674246788025
1.0330164432525635
1.0071178674697876
0.9393970370292664
0.9257699251174927
1.0136175155639648
1.1569968461990356
0.8242003321647644
0.9645525217056274
0.9756048321723938
0.7872592806816101
0.9501364827156067
0.944261372089386
0.9778918027877808
0.9109961986541748
0.9113633632659912
0.9354254007339478
1.1363332271575928
0.8099369406700134
0.8856335282325745
1.0462496280670166
0.9709370732307434
0.8299328684806824
0.8968064188957214
0.9640680551528931
0.917669415473938
1.1974031925201416
0.9106919765472412
0.8259895443916321
0.8838377594947815
1.1799861192703247
0.957040011882782
1.021633267402649
0.8084368109703064
0.7919387221336365
0.9725342392921448
0.9197172522544861
0.8272107243537903
0.8253216743469238
0.8925665616989136
1.1094344854354858
1.0309427976608276
0.9814067482948303
1.1278246641159058
1.109248161315918
0.8651123642921448
1.0555917024612427
0.8136820793151855
1.1780505180358887
1.0692182779312134
0.9693629145622253
1.1483914852142334
0.9507843255996704
1.0701180696487427
0.9043669700622559
1.018391728401184
0.855216383934021
1.3047151565551758
0.8628914952278137
1.005662441253662
0.8856713175773621
1.022125482559204
0.9970653057098389
0.8467659950256348
0.7668267488479614
0.9087964296340942
1.0425878763198853
0.9336487650871277
0.9695979356765747
0.8938645124435425
0.8309882283210754
1.058518648147583
1.0479942560195923
0.9985376596450806
1.0466556549072266
0.8162111639976501
0.9465879201889038
1.096536636352539
0.8791136741638184
1.039925456047058
0.8654176592826843
0.7999865412712097
0.8004738688468933
0.9011090993881226
0.9206860065460205
0.9862174391746521
0.7176894545555115
0.8214467763900757
0.9050243496894836
1.0308445692062378
0.8727760910987854
0.9460236430168152
0.7640933990478516
0.865700900554657
0.9394092559814453
0.9276917576789856
1.1652581691741943
1.0438807010650635
1.047659158706665
0.8876946568489075
0.9190229177474976
0.9128255844116211
0.9084784984588623
0.8569833040237427
0.9404679536819458
1.0926672220230103
1.0187878608703613
0.8414098024368286
0.9773013591766357
0.9703266620635986
0.9150530099868774
0.9232323169708252
0.914627730846405
0.8872438073158264
0.8086733818054199
0.9570127129554749
0.9963032007217407
0.9559431076049805
1.1574445962905884
0.8822876214981079
1.0892990827560425
0.9918150901794434
1.083622932434082
1.0488492250442505
1.1261537075042725
0.7854345440864563
0.7466496825218201
0.9128153920173645
0.9163404703140259
1.0689845085144043
0.8175197243690491
0.9866552948951721
0.9448020458221436
0.9193441867828369
1.0142383575439453
0.9802066087722778
1.2894548177719116
0.9597209692001343
1.0571441650390625
0.7863410115242004
0.928135871887207
0.9079400300979614
1.1158932447433472
0.8520204424858093
0.9431861042976379
0.8962670564651489
0.8215984106063843
0.9232576489448547
0.9624614715576172
0.9072097539901733
0.9828638434410095
1.1015939712524414
0.8928812146186829
0.9877398014068604
0.9230400323867798
0.7964025735855103
0.9686533212661743
0.9234746694564819
0.9363549947738647
0.9719099402427673
0.9545260071754456
0.9660022258758545
1.0170412063598633
1.0598986148834229
0.8875906467437744
0.9279406070709229
1.0141288042068481
0.849297046661377
0.9974238276481628
0.8675782084465027
1.0693353414535522
0.9294143915176392
1.048272967338562
0.6584415435791016
1.04865300655365
0.8640203475952148
0.9457045197486877
0.9823911190032959
0.8584933280944824
0.9734765887260437
0.8588995337486267
0.7976586222648621
0.8394954800605774
0.9016441106796265
0.9877632856369019
0.8149188756942749
0.8894329071044922
0.9043103456497192
0.9752498865127563
0.9624903798103333
0.792203426361084
1.021911859512329
1.0711476802825928
1.2647472620010376
0.8825306296348572
1.0563726425170898
1.048861026763916
0.9284836053848267
0.9266618490219116
0.9643954038619995
1.0763986110687256
0.8850108981132507
0.8967229723930359
0.8414294719696045
1.0172117948532104
0.7751523852348328
0.9466095566749573
0.8245692849159241
0.7953314185142517
0.950732946395874
0.8875686526298523
1.0054646730422974
0.867400586605072
0.7749114036560059
0.9116150140762329
0.9760918617248535
0.855883002281189
0.9075533151626587
1.0083764791488647
0.9089494347572327
1.0081920623779297
0.8934078812599182
0.9409975409507751
0.9085739850997925
1.0023715496063232
0.8753954172134399
1.1050069332122803
0.7926276326179504
1.0928568840026855
0.8135106563568115
1.1583714485168457
1.1268898248672485
1.1749765872955322
0.970321774482727
0.8484922051429749
0.6541812419891357
0.9701949954032898
0.7889178395271301
0.9663567543029785
0.8868237137794495
0.810809314250946
1.0122095346450806
0.8702965974807739
1.0050368309020996
1.1542952060699463
0.7965978384017944
1.0039987564086914
0.919126033782959
0.8132143616676331
0.8501195311546326
0.7995491027832031
0.928121030330658
0.8281643390655518
0.9970887899398804
0.9776156544685364
0.7312668561935425
0.9978724122047424
1.099231481552124
0.8098626136779785
0.9184812307357788
0.9521453380584717
1.2010236978530884
0.9065373539924622
0.7625704407691956
1.122244119644165
1.0877914428710938
1.0085887908935547
0.9162790775299072
0.7807239294052124
1.0020675659179688
1.0664715766906738
1.0828893184661865
0.8435021638870239
0.8707505464553833
0.8279595971107483
1.026714563369751
0.8930573463439941
0.9768092632293701
0.8488060832023621
1.0475637912750244
0.797777533531189
1.017457365989685
0.9781322479248047
0.8793742060661316
1.0665020942687988
0.8286990523338318
0.8750843405723572
0.742730438709259
0.931679368019104
0.9541715383529663
1.00007963180542
0.9183018803596497
1.0839338302612305
0.7691758871078491
0.8507375717163086
0.8348091840744019
0.9672262072563171
1.158266305923462
0.8956853151321411
1.0586440563201904
0.8391152024269104
0.9056174755096436
0.8551478385925293
0.883224368095398
0.90520840883255
1.123262882232666
0.9551777243614197
1.0449198484420776
1.1812872886657715
1.0589097738265991
0.8422427177429199
0.9454795122146606
1.0016212463378906
0.7592626214027405
0.9446848034858704
0.9840738773345947
0.9331581592559814
0.9214708805084229
0.7870017886161804
0.9411782622337341
1.076568365097046
1.0160995721817017
0.9036974906921387
0.8657494783401489
0.8673416972160339
0.7975450158119202
1.0486143827438354
1.0158177614212036
1.1422314643859863
1.1029231548309326
0.8602089881896973
0.7489862442016602
1.065535545349121
0.8121148347854614
0.9090275168418884
0.9566778540611267
0.9030994176864624
1.1417336463928223
0.9608810544013977
0.921125590801239
0.8702765703201294
0.7956987619400024
0.8277329802513123
1.0916050672531128
0.9007475972175598
1.086829662322998
0.6712498068809509
0.980340838432312
0.9919401407241821
0.7818268537521362
0.9695920944213867
0.8854178190231323
1.0384358167648315
1.0736186504364014
0.9012786149978638
0.8419541716575623
0.8892730474472046
1.052377462387085
1.0387041568756104
0.9667322635650635
0.8967137336730957
0.9325238466262817
0.9746279716491699
0.9120733141899109
0.9215671420097351
0.8943330645561218
0.7844266891479492
0.9922733306884766
0.9509543180465698
1.0395761728286743
1.0343644618988037
0.787388265132904
0.7271870970726013
0.8684391975402832
1.1156384944915771
0.9572239518165588
0.8755180835723877
0.7747535705566406
0.852440595626831
0.8978734612464905
0.8794143199920654
0.9875176548957825
0.9616753458976746
1.0277512073516846
0.8861595392227173
0.9491156339645386
0.9836719632148743
1.0425647497177124
1.0527350902557373
0.8786957859992981
0.8670812249183655
0.9210926294326782
1.0174697637557983
0.9565433859825134
0.9099776744842529
0.8501194715499878
1.0518265962600708
1.1176633834838867
0.9070898294448853
0.8795717358589172
0.9168968200683594
1.1009669303894043
1.1137492656707764
0.9928873777389526
0.7182965874671936
0.8038642406463623
0.9673412442207336
0.934760332107544
1.107837200164795
1.1190239191055298
0.833456814289093
0.927573025226593
0.9079766273498535
0.6935805082321167
0.9331752061843872
0.834622323513031
1.0547456741333008
0.8471454381942749
0.8287413716316223
0.9231395721435547
0.8198884725570679
1.25426185131073
1.1213958263397217
0.9563260674476624
0.9120079874992371
0.9037224054336548
1.0076591968536377
0.8773436546325684
1.0134987831115723
0.959633469581604
0.936698853969574
0.8897907733917236
0.6720837354660034
0.778191328048706
0.7118746042251587
0.871415913105011
0.8291151523590088
0.7797076106071472
0.9413393139839172
0.8927971720695496
0.7891755700111389
1.070534586906433
0.9015941023826599
1.0028085708618164
1.0328088998794556
0.9224008321762085
0.9022607207298279
0.9324938058853149
1.0084284543991089
0.776934802532196
0.9698554277420044
0.9250103831291199
0.8536317348480225
0.7694042325019836
0.6827346086502075
0.9589358568191528
0.9435446262359619
0.9468277096748352
0.6293179988861084
0.8202208876609802
0.7998008131980896
1.0832628011703491
0.9058652520179749
0.9186270833015442
0.7041134834289551
1.1629332304000854
0.8993350267410278
0.7908585667610168
0.9155842661857605
0.8193735480308533
0.8576644659042358
0.8382608294487
0.9342342615127563
0.9454693794250488
0.8737630248069763
0.8562784194946289
1.0884219408035278
0.8694080114364624
1.2529062032699585
0.9556829333305359
0.9918100237846375
1.1562455892562866
0.9149987697601318
1.096112847328186
0.7808030247688293
0.7763959169387817
0.8195348978042603
0.7467617988586426
0.8145221471786499
0.8834757208824158
0.8076951503753662
0.9386942982673645
0.8224685788154602
0.9085452556610107
0.8930348753929138
0.90777987241745
0.945993959903717
1.0122568607330322
0.864336371421814
0.8607887029647827
0.929548978805542
0.9135140776634216
0.9529100060462952
0.8462706208229065
0.934891402721405
0.856459379196167
0.7037767767906189
0.9702763557434082
0.7902422547340393
0.8354523181915283
0.8577882647514343
0.9999556541442871
0.9017435908317566
1.0687408447265625
0.9097557067871094
0.8475345969200134
0.9605346918106079
0.9482131004333496
1.0174387693405151
0.8468843102455139
1.236728549003601
0.8410184383392334
0.9171562790870667
1.1755701303482056
0.8228700757026672
0.9991165399551392
0.9036087989807129
1.0171544551849365
0.9727556705474854
0.8352013230323792
0.9411637783050537
1.048232913017273
0.8286151885986328
1.012929916381836
0.9196047782897949
1.0607047080993652
0.9878217577934265
1.07041335105896
