2.303119421005249
2.1612963676452637
2.1397316455841064
2.245791435241699
2.037513256072998
2.083737850189209
2.076756000518799
2.157338857650757
2.1060869693756104
2.122743844985962
2.07773756980896
2.067756175994873
2.0738418102264404
2.0868263244628906
2.0967750549316406
2.078178644180298
2.059262990951538
1.9835015535354614
2.0958800315856934
1.9746485948562622
2.0002050399780273
2.0718774795532227
2.0575013160705566
2.0197532176971436
1.9861876964569092
1.9829647541046143
2.0792977809906006
2.068195104598999
2.149183511734009
1.9787570238113403
2.058878183364868
1.9869641065597534
2.063725471496582
1.996527910232544
2.008878469467163
1.9748603105545044
2.005176544189453
1.9933466911315918
2.0397214889526367
2.0075647830963135
2.022087574005127
2.0367841720581055
1.925405740737915
1.9325910806655884
2.00606369972229
2.0200035572052
2.0390822887420654
1.9593716859817505
2.0240049362182617
1.8850786685943604
2.031466245651245
2.0032005310058594
2.0060248374938965
1.9988231658935547
1.9370007514953613
1.9966561794281006
2.017530918121338
1.9532999992370605
1.8948414325714111
1.9277348518371582
1.9879530668258667
1.9610599279403687
1.9571832418441772
1.999611496925354
2.016491651535034
1.9613533020019531
2.06459379196167
1.964261531829834
1.9243522882461548
1.9277558326721191
1.914702296257019
1.9902431964874268
1.9898793697357178
1.8583312034606934
1.9690061807632446
1.9330302476882935
1.9067729711532593
1.9435296058654785
2.0276684761047363
1.8867391347885132
1.9716112613677979
1.953624963760376
1.8817005157470703
1.8265159130096436
1.9829497337341309
1.8756986856460571
1.971692442893982
2.024904489517212
1.9794901609420776
1.831892967224121
1.8873062133789062
1.8653998374938965
1.8386850357055664
1.9208338260650635
1.8707195520401
1.914145588874817
1.9856337308883667
1.9550732374191284
1.879825234413147
1.8991234302520752
1.8743544816970825
1.9018945693969727
1.8662669658660889
1.905760407447815
1.7926180362701416
1.8696235418319702
1.8957854509353638
1.9239678382873535
1.9141781330108643
1.8785953521728516
1.8546884059906006
1.8366426229476929
1.8448232412338257
1.790282130241394
1.8748791217803955
1.819066047668457
1.8448131084442139
1.8732420206069946
1.8232753276824951
1.8279094696044922
1.9066146612167358
1.775876760482788
1.8253196477890015
1.890228509902954
1.9180105924606323
1.9362752437591553
1.9317378997802734
1.8852697610855103
1.8369996547698975
1.919707179069519
1.8545715808868408
1.9630004167556763
1.8496900796890259
1.8775854110717773
1.7667572498321533
1.927531123161316
1.7967276573181152
1.8020174503326416
1.7712658643722534
1.8612505197525024
1.8365930318832397
1.8086090087890625
1.7475615739822388
1.8924044370651245
1.789868712425232
1.8483076095581055
1.8903498649597168
1.81285560131073
1.8036693334579468
1.7219198942184448
1.7636038064956665
1.843592643737793
1.797144889831543
1.7572935819625854
1.8085570335388184
1.842084527015686
1.7988263368606567
1.8016319274902344
1.8730717897415161
1.9568313360214233
1.7325702905654907
1.7172044515609741
1.7951922416687012
1.8486707210540771
1.7464382648468018
1.6925383806228638
1.7525966167449951
1.743003249168396
1.8163728713989258
1.8079543113708496
1.766319990158081
1.9066071510314941
1.7559369802474976
1.781760811805725
1.8339725732803345
1.7374387979507446
1.7314027547836304
1.747974157333374
1.871976375579834
1.7633345127105713
1.7780468463897705
1.8125660419464111
1.7355908155441284
1.6946401596069336
1.7418571710586548
1.7784827947616577
1.7935211658477783
1.7796374559402466
1.729188084602356
1.7344417572021484
1.777519941329956
1.7498462200164795
1.7335904836654663
1.7649611234664917
1.9071452617645264
1.8390605449676514
1.7827051877975464
1.7837481498718262
1.7413748502731323
1.7294234037399292
1.75356125831604
1.84365713596344
1.7592426538467407
1.8241280317306519
1.6434972286224365
1.8415193557739258
1.7448166608810425
1.832017183303833
1.7344245910644531
1.796936273574829
1.7281908988952637
1.6109346151351929
1.6425986289978027
1.7740064859390259
1.7035155296325684
1.7511963844299316
1.7915958166122437
1.7045609951019287
1.787974238395691
1.7083518505096436
1.7750933170318604
1.6690160036087036
1.794936180114746
1.6692581176757812
1.701201319694519
1.694800615310669
1.6541175842285156
1.7755684852600098
1.678196668624878
1.684627890586853
1.8277766704559326
1.637046217918396
1.7083725929260254
1.750429630279541
1.7563974857330322
1.6785998344421387
1.7893519401550293
1.7046953439712524
1.703527569770813
1.7153239250183105
1.6892523765563965
1.7703509330749512
1.7134711742401123
1.6905364990234375
1.663717269897461
1.7486050128936768
1.7377989292144775
1.7388428449630737
1.6537554264068604
1.6685636043548584
1.7007648944854736
1.7837226390838623
1.571806788444519
1.6536123752593994
1.6896151304244995
1.6909019947052002
1.7217555046081543
1.6626583337783813
1.6896939277648926
1.6743215322494507
1.670134425163269
1.6084659099578857
1.692322015762329
1.615289568901062
1.659924030303955
1.5714588165283203
1.746047019958496
1.6750291585922241
1.7137161493301392
1.7149254083633423
1.6611112356185913
1.6451501846313477
1.8611623048782349
1.7302563190460205
1.592225432395935
1.6028167009353638
1.6548069715499878
1.6270630359649658
1.6350295543670654
1.769129753112793
1.6606184244155884
1.583677053451538
1.5937470197677612
1.6874788999557495
1.5765414237976074
1.7753537893295288
1.6815564632415771
1.658944010734558
1.590064525604248
1.6376891136169434
1.7361661195755005
1.5961624383926392
1.588474154472351
1.6687616109848022
1.6940993070602417
1.5928401947021484
1.7028309106826782
1.5424045324325562
1.6307438611984253
1.6930077075958252
1.6271629333496094
1.5335570573806763
1.671653151512146
1.61521315574646
1.581294059753418
1.7117961645126343
1.688751220703125
1.6544463634490967
1.5909957885742188
1.67542564868927
1.7407805919647217
1.6150754690170288
1.746141791343689
1.7237085103988647
1.7465251684188843
1.656746506690979
1.5362192392349243
1.598331093788147
1.6315796375274658
1.6522070169448853
1.6013855934143066
1.5939580202102661
1.6767287254333496
1.7212480306625366
1.527073621749878
1.5445153713226318
1.5977221727371216
1.611057162284851
1.629813551902771
1.5881119966506958
1.531264305114746
1.5958595275878906
1.6242048740386963
1.5801409482955933
1.634896159172058
1.6507433652877808
1.5996805429458618
1.4933209419250488
1.653786540031433
1.599291205406189
1.656996726989746
1.6615147590637207
1.620254397392273
1.6506603956222534
1.6025235652923584
1.5793523788452148
1.5613452196121216
1.5917317867279053
1.6031516790390015
1.5798611640930176
1.5633189678192139
1.5072599649429321
1.5333327054977417
1.6819877624511719
1.722032070159912
1.6691110134124756
1.599323034286499
1.4764983654022217
1.6067609786987305
1.5427292585372925
1.5141156911849976
1.6907600164413452
1.5104726552963257
1.655600666999817
1.4981423616409302
1.6473710536956787
1.5156038999557495
1.6140879392623901
1.54031240940094
1.5068563222885132
1.5973283052444458
1.619431495666504
1.6347981691360474
1.5315172672271729
1.5795912742614746
1.4819434881210327
1.6158654689788818
1.5877984762191772
1.6283992528915405
1.5441439151763916
1.4513980150222778
1.5744222402572632
1.6247864961624146
1.594448447227478
1.5875811576843262
1.5769206285476685
1.6348474025726318
1.5814317464828491
1.5073291063308716
1.580649733543396
1.6144591569900513
1.6864259243011475
1.5280747413635254
1.5583863258361816
1.5654432773590088
1.5201389789581299
1.5675592422485352
1.5667145252227783
1.566567301750183
1.540480375289917
1.5570228099822998
1.4314662218093872
1.4838879108428955
1.6325944662094116
1.5393905639648438
1.548755168914795
1.5505295991897583
1.479718565940857
1.4924625158309937
1.6659736633300781
1.554707646369934
1.5938372611999512
1.4181067943572998
1.5363380908966064
1.578957200050354
1.5552873611450195
1.518033742904663
1.518118143081665
1.5545629262924194
1.4772276878356934
1.3881586790084839
1.4789767265319824
1.4726427793502808
1.538542628288269
1.5863125324249268
1.5028551816940308
1.5026880502700806
1.638280987739563
1.5279291868209839
1.5510636568069458
1.5333234071731567
1.652560830116272
1.5980771780014038
1.4906246662139893
1.4649056196212769
1.5415822267532349
1.4895063638687134
1.4980013370513916
1.6117260456085205
1.5759068727493286
1.6430823802947998
1.5606175661087036
1.4810030460357666
1.4443720579147339
1.4981426000595093
1.5137938261032104
1.5197504758834839
1.5542455911636353
1.476027488708496
1.448357343673706
1.4686858654022217
1.436740756034851
1.4165009260177612
1.5273690223693848
1.515305519104004
1.589694619178772
1.4486196041107178
1.5068540573120117
1.416853904724121
1.5191959142684937
1.3754531145095825
1.4093751907348633
1.4897541999816895
1.6512773036956787
1.449735403060913
1.4424030780792236
1.421939492225647
1.4669561386108398
1.3980615139007568
1.4508485794067383
1.5185884237289429
1.3618417978286743
1.344718098640442
1.4494717121124268
1.3658148050308228
1.4437075853347778
1.556689739227295
1.4020804166793823
1.5272431373596191
1.5514553785324097
1.49508798122406
1.4328359365463257
1.4461052417755127
1.5861138105392456
1.58339262008667
1.4518243074417114
1.4817306995391846
1.5168319940567017
1.3725073337554932
1.469069004058838
1.4809837341308594
1.5831183195114136
1.392574667930603
1.401924967765808
1.4614654779434204
1.404604434967041
1.4987964630126953
1.425099492073059
1.48137629032135
1.4222081899642944
1.4886149168014526
1.440804123878479
1.5065144300460815
1.4761390686035156
1.3625601530075073
1.4692131280899048
1.4480749368667603
1.4528645277023315
1.4012904167175293
1.363996982574463
1.4638981819152832
1.5338811874389648
1.3772969245910645
1.3500993251800537
1.4453526735305786
1.316359281539917
1.455572247505188
1.3821759223937988
1.4367541074752808
1.5030698776245117
1.5084023475646973
1.4237205982208252
1.5209083557128906
1.5142097473144531
1.3662526607513428
1.4407734870910645
1.4384063482284546
1.3582191467285156
1.308131456375122
1.3776413202285767
1.423922061920166
1.4100558757781982
1.4171676635742188
1.5258864164352417
1.7241547107696533
1.3873600959777832
1.3921210765838623
1.3636566400527954
1.4037750959396362
1.4542592763900757
1.4393751621246338
1.4714303016662598
1.4010738134384155
1.4414235353469849
1.4932466745376587
1.5414152145385742
1.3998583555221558
1.5015900135040283
1.3662805557250977
1.5467147827148438
1.604970932006836
1.3420813083648682
1.3822129964828491
1.320972204208374
1.436397671699524
1.4982093572616577
1.434805154800415
1.4323915243148804
1.3774017095565796
1.2588962316513062
1.4196598529815674
1.4841233491897583
1.372592568397522
1.444998025894165
1.1902642250061035
1.3091537952423096
1.3976240158081055
1.4196134805679321
1.3263156414031982
1.4479594230651855
1.3546403646469116
1.3341493606567383
1.3027437925338745
1.2348650693893433
1.425578236579895
1.3487354516983032
1.3996679782867432
1.460157871246338
1.324488878250122
1.4969496726989746
1.3012332916259766
1.4139124155044556
1.43577241897583
1.5174027681350708
1.3214623928070068
1.3556673526763916
1.3675007820129395
1.3566920757293701
1.3687891960144043
1.3150032758712769
1.3784549236297607
1.4645459651947021
1.340915560722351
1.312880039215088
1.4130656719207764
1.3373041152954102
1.475494384765625
1.439548373222351
1.3152599334716797
1.4319360256195068
1.274202585220337
1.2899523973464966
1.4166851043701172
1.4603513479232788
1.3751505613327026
1.3105143308639526
1.4309357404708862
1.3983174562454224
1.3419662714004517
1.3428126573562622
1.3599352836608887
1.3976953029632568
1.2716134786605835
1.3045458793640137
1.304236888885498
1.324841022491455
1.3938106298446655
1.2652902603149414
1.4250900745391846
1.3064568042755127
1.420792818069458
1.2627508640289307
1.3638052940368652
1.297593116760254
1.4037753343582153
1.3063353300094604
1.4411691427230835
1.2921031713485718
1.373422622680664
1.357795238494873
1.4501010179519653
1.3367996215820312
1.3049390316009521
1.3424122333526611
1.3445007801055908
1.302895188331604
1.3369603157043457
1.3941829204559326
1.3416005373001099
1.2876906394958496
1.278902292251587
1.2868884801864624
1.4782415628433228
1.328987956047058
1.3828892707824707
1.313834547996521
1.4111133813858032
1.3913559913635254
1.428051471710205
1.2673739194869995
1.4006906747817993
1.4149491786956787
1.2385703325271606
1.2015494108200073
1.3984230756759644
1.3363817930221558
1.4972411394119263
1.242596983909607
1.302847981452942
1.3956636190414429
1.3483330011367798
1.3698785305023193
1.410888433456421
1.276747703552246
1.2903794050216675
1.3945257663726807
1.302390456199646
1.3689857721328735
1.2406082153320312
1.3596733808517456
1.3148804903030396
1.3086509704589844
1.3591418266296387
1.3417621850967407
1.3912546634674072
1.3804969787597656
1.2186342477798462
1.3626728057861328
1.2101725339889526
1.3719067573547363
1.3394019603729248
1.2135056257247925
1.2796647548675537
1.394261360168457
1.243945837020874
1.3619718551635742
1.2148902416229248
1.3494399785995483
1.3870980739593506
1.348204255104065
1.3323113918304443
1.26231849193573
1.2426682710647583
1.4251805543899536
1.4419186115264893
1.3211592435836792
1.3730601072311401
1.2318859100341797
1.2837971448898315
1.3560783863067627
1.2207452058792114
1.3200422525405884
1.3698018789291382
1.313544511795044
1.2938740253448486
1.333993673324585
1.290827989578247
1.4626948833465576
1.3049883842468262
1.187375783920288
1.1939365863800049
1.4936405420303345
1.279833197593689
1.2977277040481567
1.3689457178115845
1.2846616506576538
1.3069087266921997
1.2997411489486694
1.3138421773910522
1.372078537940979
1.2933731079101562
1.2592730522155762
1.3351478576660156
1.3053356409072876
1.2879847288131714
1.196272373199463
1.2246901988983154
1.3282095193862915
1.1811623573303223
1.452446699142456
1.4444818496704102
1.44659423828125
1.2692375183105469
1.2929208278656006
1.3630023002624512
1.2543572187423706
1.3396154642105103
1.3510422706604004
1.1768158674240112
1.3689268827438354
1.254473328590393
1.2707655429840088
1.2893341779708862
1.2992218732833862
1.2620718479156494
1.2887741327285767
1.3054903745651245
1.3364888429641724
1.2934978008270264
1.3008317947387695
1.4390532970428467
1.3294720649719238
1.3066188097000122
1.2728286981582642
1.2457963228225708
1.2946025133132935
1.3423967361450195
1.303930401802063
1.1960835456848145
1.3566715717315674
1.3061012029647827
1.325799584388733
1.2544420957565308
1.2080962657928467
1.4227628707885742
1.138843297958374
1.3494062423706055
1.2404769659042358
1.3068166971206665
1.229049801826477
1.3079583644866943
1.1810736656188965
1.2412461042404175
1.2665555477142334
1.1922087669372559
1.2906274795532227
1.2153815031051636
1.3459959030151367
1.3522071838378906
1.249894380569458
1.2793941497802734
1.24210786819458
1.2903157472610474
1.3153051137924194
1.2880325317382812
1.2111032009124756
1.3679759502410889
1.1758636236190796
1.2132724523544312
1.2553342580795288
1.3830978870391846
1.2690110206604004
1.3337430953979492
1.2580806016921997
1.3034743070602417
1.1976076364517212
1.3145346641540527
1.1706804037094116
1.2548311948776245
1.4532036781311035
1.2183632850646973
1.285313367843628
1.2680349349975586
1.362958312034607
1.31156587600708
1.2932549715042114
1.3205002546310425
1.2878392934799194
1.2107635736465454
1.1690798997879028
1.2868163585662842
1.2695016860961914
1.2012624740600586
1.226562738418579
1.3666448593139648
1.2407845258712769
1.2440221309661865
1.2017189264297485
1.195821762084961
1.3369829654693604
1.2546372413635254
1.2433117628097534
1.2407482862472534
1.4494153261184692
1.3517316579818726
1.2445062398910522
1.2156450748443604
1.2133722305297852
1.3869884014129639
1.1980332136154175
1.2007557153701782
1.2752442359924316
1.2054835557937622
1.216318130493164
1.3524900674819946
1.208122730255127
1.1936755180358887
1.3660430908203125
1.2838736772537231
1.3022884130477905
1.2105087041854858
1.2474802732467651
1.2080374956130981
1.2712138891220093
1.313174843788147
1.169966459274292
1.263510823249817
1.2300643920898438
1.1126725673675537
1.3625839948654175
1.3828169107437134
1.2412070035934448
1.1509301662445068
1.3204071521759033
1.181819200515747
1.228402853012085
1.1810168027877808
1.390645146369934
1.148085117340088
1.2907283306121826
1.2555830478668213
1.187449336051941
1.2614994049072266
1.366509199142456
1.2301933765411377
1.1451454162597656
1.308072566986084
1.1937332153320312
1.236206293106079
1.1045318841934204
1.2868393659591675
1.257988691329956
1.3345863819122314
1.158421277999878
1.1779450178146362
1.1859896183013916
1.36539626121521
1.117512822151184
1.2054377794265747
1.2417651414871216
1.1245074272155762
1.1672755479812622
1.2281713485717773
1.1704583168029785
1.1323848962783813
1.080340027809143
1.2451364994049072
1.3443087339401245
1.2020797729492188
1.189650535583496
1.2076748609542847
1.2586169242858887
0.9988411664962769
1.1859970092773438
1.2981520891189575
1.2549772262573242
1.1779510974884033
1.2379533052444458
1.0669299364089966
1.2068408727645874
1.1361374855041504
1.1680017709732056
1.2963659763336182
1.2998168468475342
1.047796368598938
1.1570420265197754
1.2620353698730469
1.1933218240737915
1.1452291011810303
1.2341912984848022
1.3601166009902954
1.3368064165115356
1.1192231178283691
1.286389708518982
1.1470582485198975
1.2674390077590942
1.1870447397232056
1.2314318418502808
1.307889699935913
1.2178670167922974
1.163355827331543
1.306697130203247
1.3466733694076538
1.2187879085540771
1.2423489093780518
1.1611995697021484
1.1757481098175049
1.1323574781417847
1.251318335533142
1.1919167041778564
1.1391353607177734
1.1222747564315796
1.1059849262237549
1.1988519430160522
1.2305408716201782
1.2367134094238281
1.2484917640686035
1.2713675498962402
1.1931469440460205
1.347185730934143
1.2010507583618164
1.2504937648773193
1.2271270751953125
1.2703152894973755
1.1239229440689087
1.1000008583068848
1.25565767288208
1.0840401649475098
1.1266591548919678
1.1518229246139526
1.2068413496017456
1.1999573707580566
1.1427801847457886
1.3205265998840332
1.105210542678833
1.121171474456787
1.1799087524414062
1.1913096904754639
1.3119900226593018
1.1992547512054443
1.247489094734192
1.2029953002929688
1.0795822143554688
1.191016435623169
1.0883138179779053
1.1963533163070679
1.2490984201431274
1.4124737977981567
1.2454884052276611
1.1914472579956055
1.1806060075759888
1.142535924911499
1.1676688194274902
1.1470195055007935
1.1896100044250488
1.142559289932251
1.1552683115005493
1.1904553174972534
1.2529736757278442
1.1780002117156982
1.1332908868789673
1.2891768217086792
1.2065194845199585
1.207669973373413
1.081188678741455
1.1729793548583984
1.1874206066131592
1.4082911014556885
1.1847748756408691
1.2071071863174438
1.2262338399887085
1.2517106533050537
1.0946907997131348
1.1881457567214966
1.1599572896957397
1.196671485900879
1.126345157623291
1.1960546970367432
1.167709469795227
1.070723056793213
1.2182708978652954
1.1815342903137207
1.1997594833374023
1.1774871349334717
1.1589409112930298
1.1159096956253052
1.2032158374786377
1.1585129499435425
1.2856947183609009
1.1839195489883423
1.0235909223556519
1.203622817993164
1.1158969402313232
1.1351292133331299
1.1190452575683594
1.3026279211044312
1.1390455961227417
1.1669143438339233
1.1372251510620117
1.2218601703643799
1.2019548416137695
1.0849714279174805
1.142698049545288
1.1551071405410767
1.1603093147277832
1.1068613529205322
1.150320291519165
1.0670697689056396
1.1836280822753906
1.0533934831619263
1.240087628364563
1.128082513809204
1.0289839506149292
1.0712306499481201
1.1864362955093384
1.0914885997772217
1.1473487615585327
1.1978734731674194
1.1777087450027466
1.25840163230896
1.0404152870178223
1.187899112701416
1.2531179189682007
1.1863075494766235
1.1690270900726318
1.2514725923538208
1.1633853912353516
1.1390395164489746
1.1734594106674194
1.0446527004241943
1.050408124923706
1.154120922088623
1.1908460855484009
1.0871548652648926
1.1260160207748413
1.078834056854248
1.1679311990737915
1.0767030715942383
1.2261672019958496
1.171176791191101
1.1574288606643677
1.1347315311431885
1.21526300907135
1.1564645767211914
1.1230549812316895
1.102124571800232
1.2627663612365723
1.1981027126312256
1.1378740072250366
1.1103135347366333
1.1529639959335327
1.088691234588623
1.0978583097457886
1.13862943649292
1.2329050302505493
1.0850849151611328
1.1328014135360718
1.1122843027114868
1.1209461688995361
1.0879628658294678
1.0479196310043335
1.2082855701446533
1.0873843431472778
1.2947275638580322
1.1343393325805664
1.1156848669052124
1.113161563873291
1.1200517416000366
0.9505169987678528
1.2905817031860352
1.2277698516845703
1.165527105331421
1.0886088609695435
1.2227036952972412
1.0844354629516602
1.2220085859298706
1.2547764778137207
1.0974922180175781
1.2928111553192139
1.1335142850875854
1.0406121015548706
1.2159615755081177
1.1063960790634155
1.1792079210281372
1.1127755641937256
1.1874232292175293
1.0174307823181152
1.109722375869751
1.1578834056854248
1.11785089969635
1.196606159210205
1.140501618385315
1.0266878604888916
1.0968928337097168
1.2171076536178589
1.0271669626235962
1.1928064823150635
1.1329056024551392
1.1250200271606445
1.0624687671661377
1.2012746334075928
1.0311843156814575
1.1857882738113403
1.1246224641799927
1.0883420705795288
1.0838472843170166
1.2374297380447388
1.2137739658355713
1.2393956184387207
1.043099284172058
1.09614098072052
1.116994857788086
1.0792303085327148
1.1037383079528809
1.2290294170379639
1.1926462650299072
1.153215765953064
1.029828667640686
1.2419615983963013
1.2341159582138062
1.2474666833877563
1.1782591342926025
1.2414857149124146
0.99062579870224
1.1754131317138672
1.025368094444275
1.0077999830245972
1.2089287042617798
1.0086263418197632
1.09170401096344
1.213120460510254
1.2159364223480225
1.166706919670105
1.1225345134735107
1.1210533380508423
1.0974719524383545
1.1904845237731934
1.2318607568740845
1.0731770992279053
1.123840093612671
1.104947805404663
1.1044886112213135
1.2122308015823364
1.2618603706359863
1.1507625579833984
1.0335919857025146
1.119044303894043
1.1942265033721924
0.9661152958869934
1.209972620010376
1.169059157371521
1.2112071514129639
1.193739891052246
1.1617231369018555
1.1531882286071777
1.1375086307525635
1.0798242092132568
1.0654890537261963
1.1693904399871826
1.1649101972579956
1.1128286123275757
1.1150438785552979
1.1315982341766357
1.0778203010559082
1.1012215614318848
1.1025055646896362
1.2044748067855835
1.1495603322982788
1.0869756937026978
1.2805567979812622
1.1603822708129883
1.006343960762024
1.1909743547439575
1.083785891532898
1.2181265354156494
1.1826589107513428
1.167495608329773
1.1392996311187744
1.1045007705688477
1.1785441637039185
0.9080413579940796
1.0698107481002808
1.1881132125854492
1.2185111045837402
1.1440969705581665
1.0929975509643555
1.0904706716537476
1.1461490392684937
1.1999379396438599
1.0379724502563477
1.1698986291885376
1.161413311958313
1.0696197748184204
1.1944053173065186
1.2015714645385742
1.154999852180481
1.1684820652008057
1.032719373703003
1.0987460613250732
0.9705276489257812
1.0145493745803833
1.2233885526657104
1.1941494941711426
1.196998953819275
1.0350720882415771
1.2012076377868652
1.1883631944656372
1.1466439962387085
1.0580334663391113
1.2222859859466553
1.107424259185791
1.228001356124878
1.182808756828308
1.049428939819336
1.2417045831680298
1.0747283697128296
1.0829497575759888
1.1773163080215454
1.1391985416412354
1.0599958896636963
1.0845725536346436
1.0438072681427002
1.1430052518844604
1.1860870122909546
0.9892331957817078
1.0815093517303467
1.0835809707641602
1.1332285404205322
1.0454728603363037
1.036863923072815
1.0380868911743164
1.185721516609192
1.1515593528747559
1.0802839994430542
1.0751214027404785
1.114693522453308
1.0636793375015259
1.224445104598999
1.0665397644042969
1.098012089729309
1.0540016889572144
1.2552293539047241
1.150085687637329
1.2205697298049927
1.0717523097991943
1.097221851348877
1.0256786346435547
1.0239248275756836
1.0975688695907593
1.1937443017959595
1.1968475580215454
1.1770744323730469
1.1918683052062988
1.0643062591552734
1.1207648515701294
0.9836397767066956
1.0777654647827148
1.1036038398742676
1.0353564023971558
1.135315179824829
1.23121178150177
1.188577651977539
1.0848199129104614
1.0950261354446411
1.0780632495880127
1.2233837842941284
1.0957753658294678
1.1576675176620483
1.1484098434448242
1.0190496444702148
1.0410127639770508
1.1496878862380981
1.1926947832107544
1.0626399517059326
0.9462442398071289
0.9772818088531494
1.0820116996765137
1.056472897529602
1.1050528287887573
1.1156277656555176
1.0001884698867798
1.0414845943450928
1.0593490600585938
1.110215663909912
1.0527511835098267
1.0768859386444092
1.1406009197235107
1.0718703269958496
0.9477096199989319
1.1710220575332642
1.2084726095199585
1.1853916645050049
0.8875369429588318
1.02445387840271
1.0065431594848633
1.0652509927749634
1.0493221282958984
1.0087841749191284
1.0354243516921997
1.1982669830322266
1.1641322374343872
1.0920264720916748
1.0370136499404907
0.9833273887634277
1.0924718379974365
0.9642592072486877
1.1402870416641235
1.0647921562194824
1.164858341217041
0.997066855430603
0.9794948697090149
1.1885013580322266
0.9906116724014282
1.091405987739563
0.981864869594574
0.9803706407546997
1.1358654499053955
1.014206051826477
0.989088773727417
0.9855238795280457
1.1469180583953857
0.9378525018692017
1.098328709602356
1.02754807472229
1.1772067546844482
1.0174343585968018
0.9569401741027832
1.1937358379364014
1.1248018741607666
1.0846173763275146
1.0935425758361816
1.0083733797073364
1.1119980812072754
1.112884521484375
1.0756205320358276
1.0742117166519165
1.0581302642822266
0.9580762386322021
0.9467858076095581
1.1655901670455933
0.9900237321853638
1.0613795518875122
1.1098718643188477
1.17548668384552
1.2108283042907715
1.0414844751358032
1.1539909839630127
1.1086056232452393
1.044895052909851
1.0597565174102783
1.056807041168213
1.1251187324523926
1.0828179121017456
0.9318376779556274
1.017594575881958
1.2155781984329224
1.074372410774231
0.962052047252655
0.9951487183570862
0.9610718488693237
1.0425766706466675
1.0257664918899536
1.0430641174316406
1.0897475481033325
1.0685893297195435
1.0620801448822021
1.1369678974151611
0.9932594895362854
0.9434258341789246
1.1816020011901855
1.0128146409988403
1.0560312271118164
0.9974972605705261
0.9180748462677002
1.0304675102233887
1.0750725269317627
1.057221531867981
0.9838682413101196
1.0287699699401855
1.2890899181365967
1.1251381635665894
1.0901551246643066
1.0818912982940674
1.0580861568450928
1.0377463102340698
1.066945195198059
1.0167049169540405
1.0423293113708496
0.9995269179344177
1.055614948272705
0.9867663979530334
1.2357851266860962
1.0466880798339844
0.9809008240699768
1.1164839267730713
1.0895013809204102
1.07566499710083
1.0435333251953125
0.9534119963645935
0.9983092546463013
1.0977782011032104
0.9994242191314697
0.9982512593269348
1.1700623035430908
1.0110002756118774
1.016071081161499
0.9255579113960266
1.068413496017456
1.0201960802078247
1.0601123571395874
1.1567176580429077
1.0667306184768677
1.013187289237976
1.0886027812957764
1.0542501211166382
1.0212171077728271
0.943805456161499
1.2094489336013794
0.9753522872924805
1.114083170890808
1.2046141624450684
0.9689911603927612
1.0328047275543213
1.1035163402557373
0.9580253958702087
0.8983126282691956
1.0894627571105957
1.1465275287628174
1.040276288986206
1.0457626581192017
1.0325186252593994
0.9599867463111877
1.0529125928878784
1.0933022499084473
1.1879290342330933
1.0338226556777954
1.027896523475647
1.08919095993042
0.9103577136993408
1.1411277055740356
1.1433323621749878
1.089211106300354
0.8991486430168152
0.9703543186187744
1.0293482542037964
1.053687572479248
0.9566777944564819
1.2403903007507324
1.0140639543533325
1.050796389579773
0.9589205384254456
1.0422667264938354
1.0891101360321045
1.0895354747772217
1.0143768787384033
1.0834887027740479
0.9682210087776184
1.089402198791504
1.0509315729141235
0.9913554787635803
1.117848515510559
0.9986451268196106
0.9574635624885559
0.9269221425056458
1.0742073059082031
1.1134976148605347
1.1045207977294922
1.02875554561615
1.011951208114624
0.915217399597168
1.117706298828125
0.9709182977676392
0.9968348145484924
1.2193011045455933
1.1054877042770386
0.9601383805274963
1.1472452878952026
1.0125014781951904
1.0312148332595825
0.9723453521728516
0.9472804665565491
1.191851019859314
1.1380445957183838
0.9805902242660522
0.9647443294525146
1.0603281259536743
1.1231313943862915
1.1120468378067017
1.0051167011260986
0.9891305565834045
1.0766220092773438
1.098840355873108
1.0311856269836426
1.0583667755126953
1.2405633926391602
1.0137205123901367
0.9923980236053467
1.0457255840301514
1.0355170965194702
1.0620437860488892
0.9282241463661194
1.0113013982772827
1.0272287130355835
1.003848671913147
0.865492582321167
0.9837210774421692
1.0731401443481445
1.1604208946228027
0.998073160648346
1.016082763671875
1.0479133129119873
1.0494362115859985
1.007564902305603
1.0933252573013306
1.0790925025939941
1.0138204097747803
0.9315019249916077
1.0279595851898193
1.0278525352478027
0.9489668607711792
0.9993581175804138
0.9094423055648804
1.1126387119293213
1.0556141138076782
0.9444791674613953
1.0955380201339722
1.0979273319244385
1.0292526483535767
1.069671630859375
1.028479814529419
1.0342198610305786
1.0034377574920654
1.0027987957000732
0.9649010896682739
1.0637383460998535
1.072385549545288
0.9800525307655334
1.0730868577957153
1.079162836074829
1.115349292755127
1.1217734813690186
0.9270396828651428
0.9401814341545105
0.9580147862434387
1.0734810829162598
1.014040231704712
1.0217443704605103
1.0772963762283325
1.0050662755966187
1.0477185249328613
1.0606738328933716
0.9698470234870911
1.0122570991516113
1.1031136512756348
1.0911988019943237
1.1811838150024414
0.9765928983688354
1.0462857484817505
0.9664033055305481
1.0607147216796875
1.1037477254867554
0.8691197037696838
1.0173202753067017
0.9749788045883179
0.9276439547538757
0.9531193971633911
1.1304916143417358
0.9807695150375366
1.0215685367584229
1.0770676136016846
1.0491169691085815
1.0169532299041748
0.8857854008674622
1.0478097200393677
0.9537755846977234
1.1127817630767822
1.048518419265747
1.0576989650726318
1.0201908349990845
1.0644785165786743
1.0738704204559326
1.0562034845352173
1.0843944549560547
1.1504586935043335
0.9168921709060669
1.0371720790863037
1.0717498064041138
1.0591179132461548
1.0220214128494263
1.0091660022735596
0.9721386432647705
0.9593762159347534
0.9871515035629272
1.011502742767334
1.0527786016464233
0.9967498779296875
1.006636619567871
1.0360915660858154
1.0322703123092651
1.0306556224822998
1.0227181911468506
0.9455731511116028
0.9810006618499756
1.0536370277404785
0.9787434339523315
0.9877368211746216
1.0394262075424194
0.8664021492004395
0.9933276176452637
0.957945704460144
0.9399672746658325
1.0309268236160278
1.1578216552734375
1.0109353065490723
1.0767428874969482
0.9908573031425476
0.9594839215278625
0.9681339263916016
1.0343916416168213
1.1144832372665405
0.9606555104255676
1.0730140209197998
0.9640835523605347
1.1258127689361572
1.0158036947250366
1.0942087173461914
1.0728163719177246
0.9813673496246338
0.9996386170387268
1.0582964420318604
1.117276668548584
1.0103023052215576
0.9112688899040222
1.0064750909805298
0.9319424629211426
1.0389610528945923
0.9937711954116821
0.9931477308273315
1.1448848247528076
0.8893136382102966
0.9232314229011536
1.1409000158309937
0.9493061304092407
0.9328357577323914
0.9239579439163208
0.9735174179077148
1.033340334892273
0.9781436920166016
1.0006920099258423
0.986024796962738
0.9704532623291016
1.0788980722427368
1.097041130065918
0.9763273000717163
1.0400573015213013
0.8959558606147766
1.043352723121643
1.0910083055496216
0.9432180523872375
1.0522459745407104
1.0053553581237793
1.0549954175949097
0.8433181047439575
1.12624192237854
0.9826310873031616
1.0829963684082031
1.035813570022583
1.0242633819580078
1.0243122577667236
0.9945504069328308
0.9042880535125732
1.0445055961608887
1.047683596611023
0.9610639214515686
1.0781733989715576
0.95173579454422
0.858665406703949
1.0164728164672852
0.9091446995735168
1.046370029449463
0.9182401895523071
0.9237755537033081
1.0380640029907227
1.155314564704895
0.9247720241546631
0.9703247547149658
0.9085969924926758
0.9408344626426697
0.9612033367156982
1.0866081714630127
1.1415294408798218
1.118607997894287
0.9647635817527771
0.9690595865249634
1.1076393127441406
0.9063858389854431
1.0172038078308105
0.9092794060707092
0.9642289876937866
1.13710355758667
0.8821666240692139
0.9572448134422302
1.0470001697540283
0.9733533263206482
0.9869693517684937
1.0240663290023804
0.9264810085296631
0.9574882984161377
0.9499521851539612
0.940902054309845
0.9797136783599854
1.0529435873031616
1.112030029296875
0.9988412857055664
1.0251418352127075
1.06421959400177
0.9668074250221252
1.026918649673462
0.9657899737358093
1.0544458627700806
0.9721667170524597
1.0638532638549805
0.9917162656784058
1.1179825067520142
0.9936439394950867
0.9719549417495728
0.9649670720100403
1.0060924291610718
0.9217724204063416
1.0669840574264526
0.9755391478538513
0.9512551426887512
0.9099452495574951
0.9812037348747253
1.025456190109253
1.0434924364089966
1.1326839923858643
0.9702790975570679
1.1179271936416626
1.244771122932434
0.9580805897712708
1.0644822120666504
0.9629613161087036
0.9966690540313721
0.9424190521240234
1.0612503290176392
1.0094465017318726
0.9632294774055481
1.0458159446716309
1.0143746137619019
0.9461644887924194
0.92667555809021
0.8968712091445923
0.9112399816513062
1.0481774806976318
0.9732419848442078
0.9911304116249084
0.9689290523529053
0.8406420350074768
1.044939398765564
0.9916747212409973
1.0076078176498413
1.0511330366134644
1.011420488357544
0.8723889589309692
0.8745585680007935
1.0106496810913086
0.9850286841392517
0.937677264213562
0.9344815015792847
0.9776194095611572
0.890809178352356
0.8992903232574463
0.9373058676719666
0.8890734910964966
0.8686453104019165
0.9988647103309631
0.9527920484542847
1.0879501104354858
0.9115920066833496
0.9212432503700256
1.1095863580703735
0.9400721192359924
0.9505712985992432
1.0291149616241455
0.99118572473526
0.9095925092697144
0.942955732345581
1.000063419342041
0.9063841104507446
0.8924160003662109
0.9634585380554199
0.961228609085083
0.9240406155586243
0.933078408241272
1.0434139966964722
1.0094603300094604
1.0053282976150513
1.0411195755004883
0.9363556504249573
0.9350765943527222
1.0723599195480347
0.8156071901321411
1.0540566444396973
0.9726383686065674
0.8256694674491882
1.0296648740768433
1.1532796621322632
0.7598255276679993
0.9432509541511536
0.8696921467781067
1.09709632396698
1.0039119720458984
0.8611027598381042
0.9289379715919495
0.9741646647453308
0.9938382506370544
0.9229409098625183
0.8470657467842102
0.9521521329879761
0.9218381643295288
1.0797277688980103
0.8921718597412109
0.9465985298156738
1.001060962677002
0.9483976364135742
0.9425472617149353
0.9837822914123535
0.9928045272827148
0.985749363899231
0.9528197050094604
0.928766667842865
0.8804467916488647
0.915222704410553
0.8860462307929993
0.9265545606613159
0.963532567024231
0.89589524269104
1.0527163743972778
0.9848049879074097
0.9087632298469543
1.0566740036010742
0.9680353403091431
1.0201705694198608
0.9278344511985779
0.8848723769187927
0.9554601311683655
0.9617751240730286
0.9169274568557739
1.002382516860962
1.0045067071914673
0.9785749912261963
1.03716242313385
1.0970350503921509
1.0334651470184326
0.9340705275535583
0.938457727432251
0.8713635206222534
0.9263321161270142
0.9711703062057495
0.9272531867027283
0.9086192846298218
0.9147265553474426
1.022803783416748
0.9587876796722412
1.045864462852478
1.055669903755188
1.0124431848526
0.782757043838501
1.1254119873046875
0.9907131195068359
0.9453031420707703
0.9160401225090027
0.9816799759864807
1.024221420288086
1.085982322692871
1.0652215480804443
0.8776928186416626
1.0568747520446777
0.8697269558906555
0.9384819865226746
1.0295730829238892
1.0381430387496948
1.024118423461914
0.9355511665344238
0.8774973154067993
0.9624617695808411
1.00905442237854
0.8691878318786621
0.8840312957763672
0.9422838091850281
1.0109624862670898
1.0476361513137817
0.8644793033599854
1.0994950532913208
1.014229416847229
0.9863585233688354
0.9101248979568481
1.021266222000122
0.9488592147827148
1.0416820049285889
0.9246909022331238
0.9439793229103088
0.8346251249313354
0.957282304763794
0.8717156648635864
1.0488139390945435
0.8495087623596191
0.9078652858734131
0.8604910969734192
0.9803606271743774
0.89056795835495
0.9065423607826233
0.9748138785362244
1.050079107284546
0.920634388923645
0.8874973058700562
1.0018285512924194
0.9337356686592102
0.8485795259475708
0.9733619093894958
0.8583565950393677
0.8442518711090088
0.9002418518066406
0.9830549955368042
0.8686599135398865
0.9156424403190613
0.9765048027038574
0.8638668656349182
0.8151431679725647
0.9355452656745911
1.1634044647216797
0.9119704961776733
0.9977458715438843
0.95046067237854
0.797953188419342
0.9073716998100281
0.9506199955940247
0.9569037556648254
0.8578845858573914
1.0528756380081177
0.8533937335014343
0.9358242154121399
0.9043086171150208
0.9558641314506531
0.9214266538619995
1.0492041110992432
1.0007649660110474
0.8640736937522888
0.9406431317329407
1.008800745010376
0.9383120536804199
0.809433102607727
0.924689531326294
0.8830708861351013
0.9504945278167725
0.8816351890563965
0.8518742918968201
0.9476842284202576
1.0319360494613647
0.820479154586792
1.059755563735962
1.0740855932235718
1.0437111854553223
1.0047962665557861
0.9484937191009521
0.9613003134727478
0.8803123831748962
0.8004316687583923
0.9472967386245728
0.9333779215812683
0.9624381065368652
0.8423947095870972
0.9812551140785217
0.9582377076148987
1.0090898275375366
0.9759225845336914
0.9304265379905701
0.9317029118537903
0.9635972380638123
0.9570523500442505
0.8667476773262024
1.0871834754943848
0.9969056248664856
0.8787959218025208
0.9163225293159485
0.8762109279632568
0.9766834378242493
0.8865275382995605
0.855044424533844
0.8195091485977173
0.8998594880104065
1.0144424438476562
0.9651297926902771
0.9532940983772278
0.9851006269454956
0.9384534955024719
0.9621585011482239
0.8952584862709045
0.8162457942962646
0.9383431077003479
0.8618597388267517
0.9199481010437012
0.9433587193489075
0.8673699498176575
1.0375926494598389
0.8216207027435303
0.9232231378555298
0.9897235631942749
1.0122740268707275
0.9410356879234314
0.8993368148803711
0.9336583614349365
0.9852482080459595
0.8706517815589905
0.9994847178459167
0.8349082469940186
0.9179816842079163
0.9158039689064026
0.9082133173942566
0.9104890823364258
0.9743298292160034
0.9815270304679871
0.9830241799354553
0.9113998413085938
0.9216815233230591
0.9653233289718628
1.1187362670898438
0.9482912421226501
1.0972570180892944
1.012031078338623
1.0163280963897705
0.9670905470848083
0.936829686164856
0.9900335669517517
0.9724702835083008
0.8143085241317749
0.9006651639938354
0.861371636390686
0.9438369274139404
0.9997504949569702
0.9340200424194336
0.952751100063324
0.9722598791122437
0.9039530754089355
0.9802970886230469
0.9656243920326233
0.9821587800979614
0.8962183594703674
0.8044387698173523
1.1261310577392578
0.9560778737068176
0.8701372742652893
1.0051326751708984
0.9627645015716553
1.0715759992599487
1.0126004219055176
0.8932420015335083
0.9715898633003235
0.9484801888465881
0.857970118522644
0.8738652467727661
0.8782234787940979
0.9048446416854858
0.9101808071136475
0.9745758175849915
1.0671122074127197
0.956469714641571
1.0264432430267334
0.9748926162719727
1.063433289527893
1.0478163957595825
1.0251224040985107
0.8589372038841248
0.989698588848114
0.9917968511581421
0.8458642363548279
0.9621353149414062
1.0021686553955078
0.9336549043655396
0.9045696258544922
0.8492128252983093
0.9537554979324341
0.9921512007713318
0.9165299534797668
1.027757167816162
0.8548814654350281
0.839505672454834
0.9977350234985352
0.8560100793838501
1.0150034427642822
0.8000235557556152
0.9729692339897156
0.9652246236801147
0.8321343064308167
0.9374020099639893
0.9585772752761841
1.0140618085861206
0.9142417311668396
0.8702012300491333
0.855354368686676
0.9571046233177185
0.904248058795929
0.9737141728401184
0.9451979398727417
1.0061298608779907
0.7523516416549683
0.8647122979164124
0.926936686038971
0.7885642647743225
1.0839974880218506
0.9691183567047119
0.8460908532142639
1.0205731391906738
0.9507166147232056
0.9711270332336426
1.0323859453201294
0.9022929072380066
0.9511408805847168
0.986835241317749
0.9229694604873657
1.015700340270996
1.0110108852386475
0.8881182074546814
0.9388479590415955
0.8799923658370972
0.8802260756492615
0.8059538006782532
0.8374419212341309
0.9204899072647095
0.831584095954895
0.943881094455719
0.9418866038322449
1.0414834022521973
0.8813244700431824
0.8454024195671082
0.8442056775093079
0.9490749835968018
0.8233398199081421
0.8728448748588562
0.9083466529846191
0.7874746322631836
0.8909190893173218
0.9224607348442078
0.9189035892486572
0.9066551923751831
0.9292604327201843
0.9859474897384644
0.8470599055290222
0.7861171960830688
1.0227057933807373
0.8431694507598877
0.951500415802002
1.0241727828979492
0.9611751437187195
1.016546368598938
0.950321614742279
0.9892910122871399
0.9255892634391785
1.1146951913833618
0.9359557032585144
0.8092261552810669
0.9773221015930176
0.9032053351402283
0.8950961828231812
0.9474084377288818
1.0559260845184326
0.9048091173171997
0.8055553436279297
0.8644850254058838
0.8780860304832458
0.94014573097229
1.015242576599121
0.8861488103866577
0.9267815351486206
0.9900726675987244
0.877571165561676
0.7770704030990601
0.8173069953918457
0.8080303072929382
0.7980058193206787
0.9170780181884766
0.9390182495117188
1.1056010723114014
0.8884846568107605
0.9756956696510315
0.8675864338874817
1.0086737871170044
0.873904824256897
0.9143711924552917
0.9349022507667542
1.023833155632019
0.9443493485450745
0.8682664036750793
0.9520524144172668
0.9633082151412964
0.9715384244918823
0.9531005620956421
0.9747412204742432
0.9289788007736206
0.8344017863273621
0.9205613732337952
0.9888973236083984
0.9400758147239685
0.7465981245040894
0.8410009145736694
0.9590688347816467
0.9701257944107056
0.8826775550842285
0.8605872392654419
1.01506507396698
0.9181358218193054
0.8336977958679199
0.936278760433197
0.8770154118537903
0.9920791387557983
0.8747592568397522
0.9707372188568115
0.9839575290679932
1.020222544670105
0.9475797414779663
0.9126074910163879
0.9928436875343323
1.0430550575256348
0.9782829880714417
0.8558151125907898
0.9179052710533142
0.7934801578521729
0.8764777779579163
0.985943615436554
0.9037472605705261
0.9888443946838379
0.9273627400398254
0.8621153831481934
0.8842154741287231
0.9478117823600769
0.9120367765426636
1.0078412294387817
0.954514741897583
0.9484885931015015
0.914272129535675
0.8522682189941406
1.0024338960647583
1.0450615882873535
0.7851762175559998
0.953762412071228
0.9112759828567505
0.8120014071464539
0.8270994424819946
0.9078375101089478
0.7998185157775879
0.9556959271430969
0.7946925163269043
0.8960180282592773
0.8037740588188171
0.9498763084411621
0.7978929877281189
1.011297345161438
0.9832767844200134
1.05656099319458
1.1365762948989868
0.8896715641021729
0.8667898178100586
0.9295002222061157
0.7862353920936584
0.9763138294219971
0.8670618534088135
0.937718391418457
0.935695230960846
0.8578575253486633
0.8636605143547058
1.0308420658111572
0.8336527347564697
0.846603274345398
0.8794013857841492
0.8878796100616455
0.8285664916038513
0.8155751824378967
0.9893335700035095
0.9227187037467957
0.834557831287384
0.9592093229293823
0.8941803574562073
0.9181216955184937
0.8567289710044861
0.841792106628418
0.8187816143035889
0.8597716093063354
0.8777369260787964
0.9430060982704163
0.8877958059310913
0.8810375332832336
0.9839776754379272
0.946202278137207
0.910388171672821
0.9305834770202637
0.8630110621452332
0.7909342646598816
0.9167578816413879
0.9578855633735657
0.8417840600013733
0.8798072338104248
0.9062644243240356
1.0269798040390015
0.8417395353317261
0.8624573945999146
0.7983314990997314
0.8537222743034363
0.8570628762245178
0.9614723324775696
0.7373592853546143
0.9038920402526855
0.9178526401519775
1.0292073488235474
0.8923684358596802
1.0467449426651
0.8571856021881104
0.8645209670066833
0.8189996480941772
0.9042127132415771
0.9390161633491516
0.9312233328819275
0.9400628805160522
0.9289109110832214
0.8884089589118958
0.8620240688323975
0.8601515293121338
0.9259786009788513
0.8785951137542725
0.9256545305252075
0.8297398090362549
0.8571045398712158
0.8496491312980652
0.9331052303314209
1.1288889646530151
0.921744704246521
0.7321586012840271
0.7422881722450256
0.9234857559204102
0.8744708895683289
0.9006756544113159
0.9256693124771118
0.8331215977668762
0.9006996154785156
0.8832761645317078
0.8821216225624084
0.7919508218765259
0.7978135943412781
0.8689671158790588
0.9645166993141174
0.9554178714752197
0.8386740684509277
0.7918277978897095
0.9519391655921936
0.9676205515861511
0.9571223258972168
0.9056646823883057
0.8902254104614258
1.0053714513778687
0.8382229804992676
0.8302199244499207
0.9166019558906555
1.0283881425857544
0.9155094027519226
0.9580962657928467
0.8353866338729858
0.9979398846626282
0.8959603905677795
0.7947983145713806
0.9222012758255005
0.8833807706832886
1.0038161277770996
0.8246674537658691
0.8402476906776428
0.9569286108016968
1.1088416576385498
0.9187268614768982
0.8752517104148865
0.9700027704238892
0.9898346662521362
0.9030932188034058
0.8638073205947876
0.8349326848983765
0.975019097328186
0.8732390403747559
0.8566054105758667
0.9457698464393616
0.8110499978065491
0.9610164165496826
0.942270815372467
0.7667405605316162
0.8052144050598145
0.7803128361701965
0.8042262196540833
0.8437279462814331
0.9042661786079407
0.9550989866256714
0.8184423446655273
0.9173839092254639
0.9162660241127014
0.8027433156967163
0.87455153465271
0.9088776111602783
0.9579052925109863
0.7985491752624512
0.9704526662826538
0.9001381993293762
1.0472503900527954
0.9243463277816772
0.9273068308830261
1.0597140789031982
0.9557597637176514
0.7508823871612549
0.9634020328521729
0.8809821605682373
0.8868085145950317
0.9941771030426025
0.8633508682250977
0.819848358631134
0.8548998832702637
0.9116349220275879
0.8505608439445496
0.9977272748947144
1.0429747104644775
0.7918378710746765
0.9021533131599426
0.951799750328064
0.8956667184829712
0.7608336806297302
0.8392471075057983
0.9929296374320984
0.9586666822433472
0.8628342151641846
0.9644851684570312
0.9278550744056702
0.8722866177558899
1.003831148147583
0.8735852241516113
0.8844394087791443
0.9679381251335144
0.925414502620697
0.793327808380127
0.9891278743743896
0.8895995616912842
0.8203815221786499
0.9085388779640198
0.8086662292480469
0.8079707622528076
0.82706618309021
0.8878755569458008
0.9053906202316284
0.89265376329422
0.9319960474967957
0.9111679196357727
0.9291560649871826
0.8515856266021729
0.9100286960601807
0.8116289973258972
0.8478971123695374
0.8669130802154541
1.0334193706512451
0.7575845718383789
0.8869690895080566
0.9361715912818909
0.8006552457809448
0.7356487512588501
0.8490638732910156
0.8113237023353577
0.6821067333221436
0.8430668711662292
0.8334925770759583
1.0101701021194458
0.8391342759132385
0.8337224125862122
0.8756036162376404
0.9111735820770264
0.877790629863739
0.9189644455909729
0.9545875191688538
0.9078280329704285
0.9105125069618225
0.8372889757156372
0.8599593639373779
0.9558435082435608
0.8334282636642456
0.8434329032897949
0.7236855030059814
0.979446530342102
0.9317770004272461
0.9010684490203857
0.7983505725860596
0.8268489241600037
0.8428144454956055
0.9681366682052612
0.8171755075454712
0.8909533023834229
0.8044416308403015
0.8219442367553711
0.9724792242050171
0.9763464331626892
0.8570384383201599
0.8566316366195679
0.8346237540245056
0.92685866355896
1.0930535793304443
0.8144431114196777
0.8895798325538635
0.9000841975212097
0.9475600719451904
0.8598437309265137
0.8701932430267334
0.7330887913703918
0.8288631439208984
0.9546130299568176
0.8562191128730774
0.9601078033447266
0.9149016737937927
0.8842887282371521
1.019635558128357
0.8932633399963379
0.786798894405365
0.7981213331222534
0.857159435749054
0.9414028525352478
0.9712020754814148
0.8825772404670715
0.9295327663421631
1.0025362968444824
0.8687047362327576
0.8790585994720459
0.9886061549186707
0.8988026976585388
0.7888981699943542
0.7248498201370239
0.8321136832237244
1.0109789371490479
0.8228294253349304
0.7715975642204285
0.9993936419487
0.9857873320579529
0.7845788598060608
0.8556775450706482
0.8064138889312744
0.7442449927330017
0.8275255560874939
0.8956984877586365
0.7734407186508179
0.9351562261581421
0.863558828830719
0.9095103740692139
0.9023257493972778
0.8893759250640869
0.9818688631057739
0.9733585119247437
1.0177782773971558
0.9422034025192261
0.8346972465515137
0.833010196685791
0.9438929557800293
0.9816209673881531
0.8291109800338745
0.785967230796814
0.9149158596992493
0.8688178658485413
0.8929722905158997
0.8992274403572083
0.8309583067893982
0.9095278382301331
0.8411188125610352
0.9596579670906067
0.804310142993927
0.8942659497261047
0.8093941807746887
0.8682377934455872
0.8184599876403809
0.9592434763908386
0.7103107571601868
0.9182800650596619
0.8182463645935059
0.9156872630119324
0.9269278049468994
0.781546413898468
0.9039040207862854
0.8726227283477783
0.9708514213562012
1.013803482055664
0.9375455975532532
0.946857750415802
0.83354651927948
0.8206644654273987
0.8736143112182617
0.855925977230072
0.8787169456481934
0.789519190788269
0.8222287893295288
0.9222724437713623
0.8200336694717407
0.8698549866676331
0.7924738526344299
0.9016809463500977
0.7906730771064758
0.9168827533721924
0.9132316708564758
0.9122111201286316
0.8459329009056091
0.7938579320907593
0.9538232088088989
0.7731823325157166
0.8270137310028076
0.8208904266357422
0.7629039287567139
0.8372241258621216
0.9259905815124512
0.7712519764900208
0.8893382549285889
1.0283156633377075
0.8532525897026062
0.9086674451828003
0.8925138711929321
0.9229254126548767
0.780176043510437
0.8236532211303711
1.0116310119628906
0.8339940309524536
0.7721056342124939
0.8725757598876953
0.8948697447776794
0.8494742512702942
0.8287637233734131
0.7918965220451355
0.9437915682792664
0.8612411022186279
0.7889550924301147
0.8864597678184509
0.865061342716217
0.8252695798873901
0.8598992228507996
0.7460445165634155
0.7663320302963257
1.0321835279464722
0.8073612451553345
0.8784317374229431
0.8981755971908569
0.866427481174469
0.8228826522827148
0.7534042596817017
0.7967759966850281
0.7834603190422058
0.8758723735809326
0.9502576589584351
0.8364658951759338
0.9177964925765991
0.8108017444610596
0.8453399538993835
0.8023836612701416
0.7545361518859863
0.8197246789932251
0.934964120388031
0.7425848841667175
0.8702348470687866
0.8935088515281677
0.8298630118370056
0.929026186466217
0.8481614589691162
0.7946790456771851
0.7994181513786316
0.8462919592857361
0.8142130374908447
0.8385721445083618
0.9172138571739197
0.7280669212341309
0.8167324662208557
0.8982386589050293
0.8728525638580322
0.9948075413703918
0.8530232906341553
0.7604336738586426
0.7949715256690979
0.890200138092041
0.8550058603286743
0.8766310811042786
0.7836788892745972
0.9405817985534668
0.8530648946762085
0.8313420414924622
0.8232458829879761
0.8680498600006104
0.8547959327697754
0.8406035900115967
0.8805932402610779
0.7661202549934387
0.913049578666687
0.9221242666244507
0.8456016778945923
0.7900347709655762
0.9540426135063171
0.848015546798706
0.9717190265655518
0.7669299840927124
0.744590699672699
0.8885608315467834
0.9338825941085815
0.8845644593238831
0.9112401604652405
0.8002778887748718
0.891315758228302
0.8866589069366455
1.0526880025863647
0.9576162695884705
0.7713260650634766
0.8420317769050598
0.8237733840942383
0.8121328353881836
0.9462988972663879
0.769626259803772
0.9173993468284607
0.7589485049247742
0.7675364017486572
0.9432865381240845
0.9758057594299316
0.7870233058929443
0.8171681761741638
0.9075645208358765
0.8428088426589966
0.8810541033744812
0.7605880498886108
0.8332087397575378
0.8948256373405457
0.8470116257667542
0.8495382070541382
0.8849318623542786
0.8665406703948975
0.9540990591049194
0.9650462865829468
0.8486054539680481
1.042311429977417
0.7772523164749146
0.8796254396438599
0.8059449195861816
0.8394302725791931
0.8066076636314392
0.9138479828834534
0.8444312214851379
0.9130626916885376
0.732005774974823
0.8492565155029297
0.823760986328125
0.9532943964004517
0.8746113181114197
0.9993453025817871
0.864071249961853
0.9499607086181641
0.897503674030304
0.8847785592079163
0.9002333879470825
0.8768067955970764
0.806069016456604
0.851357102394104
0.7501580715179443
0.8666403889656067
0.8202014565467834
0.8953149318695068
0.9243876338005066
0.7816572189331055
0.7803625464439392
0.764396607875824
0.8093156814575195
0.8567182421684265
0.7643952369689941
0.7807403802871704
0.9793693423271179
0.7935191988945007
0.9009209275245667
0.7778608202934265
0.718260645866394
0.7980307936668396
0.8767925500869751
0.8309390544891357
0.8193670511245728
0.9582422375679016
0.8200729489326477
0.9613465070724487
0.6993886232376099
0.8673790693283081
0.796968936920166
0.8810086846351624
0.825369656085968
0.9225959181785583
0.821692943572998
0.7657508850097656
0.9061800241470337
0.9255824685096741
0.7779387831687927
0.7487476468086243
0.7557880878448486
0.9577404260635376
0.8570224046707153
0.7971779704093933
0.8924365639686584
0.8463793396949768
0.8529958128929138
0.8398342132568359
0.8183356523513794
0.7774806618690491
0.722154974937439
0.9550614356994629
0.8181042075157166
0.8933245539665222
0.7777963876724243
0.896504819393158
0.7960962653160095
0.8571447134017944
0.7761989235877991
0.8463282585144043
0.8749726414680481
0.7083225250244141
0.8775787353515625
0.8108833432197571
0.763380765914917
0.7662010192871094
0.7182855010032654
0.7780964970588684
0.8992016315460205
0.7619032859802246
0.8058521747589111
0.8918167352676392
0.9497740864753723
0.8818626999855042
0.8913041949272156
0.8611364364624023
0.8820840716362
0.9608508944511414
0.9340873956680298
0.8283845782279968
0.8330918550491333
0.8345388174057007
0.8429731726646423
0.8682347536087036
0.8695663213729858
0.8729475736618042
0.8284447193145752
0.8734668493270874
0.8577428460121155
0.8053843975067139
0.779209315776825
0.7757911086082458
1.0175610780715942
0.7239475250244141
0.8038737177848816
0.8247716426849365
0.88747638463974
0.746123731136322
0.7009379863739014
0.812494158744812
0.7693659663200378
0.8748114705085754
0.8991583585739136
0.7044747471809387
0.798302948474884
0.7422651052474976
0.9191545248031616
0.7334015369415283
0.8609966039657593
0.8979924321174622
0.9033066034317017
0.75856614112854
0.939933717250824
0.8035131692886353
0.8366097807884216
0.7871306538581848
0.9565684199333191
0.8275821208953857
0.8940741419792175
0.7925766706466675
0.843644917011261
0.7440654039382935
0.7173091173171997
0.80196213722229
0.9417896270751953
0.9301344752311707
0.8042073845863342
0.8011593818664551
0.8110433220863342
0.8844615817070007
0.8552131056785583
0.8326507210731506
0.7872229814529419
0.9674896597862244
0.860737144947052
0.9200966358184814
0.7437874674797058
0.8353134989738464
0.8616809844970703
0.7574836015701294
0.7435404658317566
0.9077620506286621
0.9018217921257019
0.8466858267784119
0.9143701791763306
0.7042206525802612
0.8160449266433716
0.9151113033294678
0.8334619998931885
0.9301828145980835
0.9660042524337769
0.8840880990028381
1.0374906063079834
0.7729929089546204
0.7824569344520569
0.839860200881958
0.8392210006713867
0.8608648180961609
1.0248479843139648
0.8489218950271606
0.9362733960151672
0.7261191606521606
0.9566968083381653
0.8757153749465942
0.8421379327774048
0.9327558875083923
0.7358014583587646
0.8544647693634033
0.8190106749534607
0.7976488471031189
0.875403642654419
0.8467270135879517
0.8963930606842041
0.845900297164917
0.7642092108726501
0.8123469352722168
0.87262362241745
0.8469376564025879
0.7410485148429871
0.9068779945373535
0.8609245419502258
0.8105323910713196
0.8005582094192505
0.8352105021476746
0.8033285140991211
0.7910254001617432
0.8109816908836365
0.9242975115776062
0.9169926643371582
0.8160660862922668
0.8652079105377197
0.8598673343658447
0.9517846703529358
0.8612172603607178
0.741820752620697
0.9505786299705505
0.7490686178207397
0.9101006984710693
0.8098921775817871
0.8479944467544556
0.8532314300537109
0.8710801005363464
0.8147932291030884
0.8062354922294617
0.878437876701355
0.8068450689315796
0.7655754089355469
0.767025351524353
0.992977499961853
0.9460286498069763
0.8226937651634216
0.8535569310188293
0.915120542049408
0.8781188726425171
1.0030115842819214
0.8222631216049194
0.8064336776733398
0.8024373054504395
0.739242434501648
0.7568948268890381
0.7672126293182373
0.8452153205871582
